# Number of parameters = 710 Objective function value = 54437.9456351657  Maximum gradient component = 616.748543737002
# ln_yr1N:
 12.4021361340578 -314.653107108500 11.6027533969642 9.80759425496624 7.50779001608377
 17.5245876583301 16.2708608861316 16.3815844036517 10.9940981786764 6.63057065355481
 20.0804240704528 14.2378736490082 16.1091119739858 15.3112178425943 -26.8302421371763
 6.81327108348288 -11.4705814220270 7.67964776574660 7.63207342156250 -46.4486653023893
 12.9352779375416 9.63013805786701 12.7107126573773 10.7512568691303 8.60231325744733
 21.1786723561788 19.3533811845208 18.9392331885912 14.6239098815903 13.7546251411163
 10.0598635038757 9.45558168785344 -555.820847667427 8.89213084463888 8.69604367806880
 11.8842224172350 10.8817849590217 10.0752893698389 9.23494869032522 5.84428939829537
 10.3600922464436 -132.989801716018 10.8966517438609 11.4380168711323 10.4717205560967
 10.9411393838729 10.1885931081101 9.69161435313719 9.09206746917565 7.03996560960186
# recruitment_alpha:
 0.00000000000000 0.00000000000000 0.00000000000000 0.00000000000000 0.00000000000000 0.00000000000000 0.00000000000000 0.00000000000000 0.00000000000000 0.00000000000000
# recruitment_shape:
 0.00000000000000 0.00000000000000 0.00000000000000 0.00000000000000 0.00000000000000 0.00000000000000 0.00000000000000 0.00000000000000 0.00000000000000 0.00000000000000
# recruitment_beta:
 0.00000000000000 0.00000000000000 0.00000000000000 0.00000000000000 0.00000000000000 0.00000000000000 0.00000000000000 0.00000000000000 0.00000000000000 0.00000000000000
# ln_avg_recruitment:
 9.95619077113655 18.0183169195140 20.8322002157472 9.18431362854768 13.0331780676356 22.0517704582955 8.48008925989515 10.6204265855368 11.7320883810013 8.73900624243577
# recruitment_devs:
 1.18877102913302 1.76745773497732 2.39957449190531 -0.274835988644653 -0.0373350772425886 2.07546993957347 0.164077815813546 2.20594558720803 0.000193557136315456 0.787056567732558 1.00258195415763 -0.546399392419840 0.850510680181429 -0.252161168137151 -0.318967626799297 0.949968333266823 0.0245983317099770 -0.139668437894751 1.16817203969323 0.186675297537129 -0.333684209600701 1.00052259706446 -0.475896235836211 -0.871267303133762 -0.947989436441010 0.736249325172746 -0.394076844914360 0.217574244616027 -0.712018055642116 -0.921238338236491 -1.34483990798603 -1.03801557070184 -0.410349340518098 -0.348533539566098 -0.158996301154235 -0.784372409002526 -1.05297557114045 -2.01439864217666 -1.74333538040528 -1.09974509370696 -0.504300236305882
 -0.569459580287673 -1.27245335715542 -0.782505389541280 -1.08129725499106 -0.815143982093480 0.700404058673197 -1.40197876168702 -1.18689990168107 0.278899688270715 -0.872177155977310 -0.576660857791363 0.827756293285476 -0.205504845480139 0.865731408480779 0.441190097493316 0.0547753978169369 0.817021139851800 1.38275474519050 0.272983151540796 0.414187922317709 -0.175092143771638 0.884340050484944 0.510890625511429 1.46505310086505 -0.0234842886715701 1.02790392744263 0.309181154054660 -0.367041484155648 0.0876962436900895 1.39376146088459 -0.212221243268688 0.822821506025966 0.575577414859999 0.999655746689504 1.20130635073859 -0.541586028808475 -1.21735131586101 0.875800765678928 -1.43832601471597 -2.00988276289164 -1.46062522391341
 -1.15117429431372 -1.58641136740382 2.90375354895512 -0.0838067687619678 -0.00494704711624845 1.55025801382321 -0.615973992986511 -1.01819643867810 2.26029009354474 -1.22538964181777 0.952753861968965 -1.21165984146069 2.04676605667417 0.272305607065231 2.05755555381455 -0.802821241778548 -0.678722903737886 0.990232653813928 -0.477513182018452 1.93293952806805 0.0895188756097797 1.08771337431608 -0.0411892897695727 -0.930333138981453 -0.522994157554647 -1.61617091389442 -0.862379994890227 -0.201529016714653 -0.273507062599663 -0.196016539433405 -1.55067768542978 -0.822915829367910 -1.24140381330104 0.0481468249614752 1.07144914457512 -1.41877795673960 -1.88282172269777 -0.00892319318870530 0.969019704826841 0.877691681877744 1.31586290851201
 -0.263758805564563 -0.179129053292696 -0.178157964931954 -0.111823177888572 -0.0626586779832293 -0.00126831273955425 0.0344150019772120 0.100664863631405 0.141814662855232 0.141764037889229 0.0908394885507380 0.133814244753827 0.201070514850232 0.210598052762580 0.213505927428139 0.204405374475479 0.115251929021648 0.0764127854327818 0.0658485743898715 0.0640284152061602 0.0646228071159940 0.0501134110184303 0.00665000750129005 -0.0876702435984510 -0.142773516441553 -0.186967104684618 -0.236624503163942 -0.231319619864933 -0.206019580270977 -0.165937200529794 -0.131835818037684 -0.0748638827535386 -0.0104830955664190 -0.00686057837354623 0.0365368519450838 0.116901102963476 0.226100321603277 0.122670361817462 -0.0240844972415156 -0.0626703965845944 -0.0531219071169260
 0.469718607587876 -1.11896961059748 -2.08036466741771 -2.17476286868197 -1.06250230392207 -0.527020935677376 -0.630841234155125 -1.24203191362491 -0.999258051473531 -0.979002615818705 -1.17538261329841 -1.07511609278912 -1.04769122221702 0.113648044739031 0.484466080027613 -0.115443665247664 -0.299768777668734 -0.747034537019862 -0.323299532695303 0.471636438286829 -0.0897404445149231 -0.635003313011308 1.22979656024112 -0.767667312686743 1.48283333225848 2.24434936520157 1.45401159590887 1.21192651927438 -0.203647616156856 -0.619943890767345 -1.26928690409983 -0.355385458351041 1.14353768382241 0.260514958531713 2.85399177884983 1.94132396248620 0.984314423982133 1.86805464961161 0.546911465898525 0.553145046073686 0.224985449538610
 -0.254453930693926 0.771449190857383 -0.100658043581636 -0.609043147164665 -0.965139056997960 -0.525414552480954 -0.294412209855096 0.440027462607144 0.531592408335679 0.00118393070125345 0.467627268791384 0.345996801414907 1.09908074237076 0.784260703867094 -1.34724435656144 -0.839932912369483 0.0204896584626075 -0.0769446616150840 -0.199257036260075 0.677888752592416 -0.171549317839249 -0.159465644793741 0.590116484248770 0.00875899452286422 0.639799330141542 0.391689097972673 -0.270957345009537 0.160089577504104 0.116009764540853 -0.0477400883602993 -0.145574476792403 0.0876649739656498 0.322296877484593 0.294018095154260 -0.342610299326065 -0.0579734860236812 -0.941257288125087 -0.870509044407066 0.216245289961548 -0.141449492354632 0.395299839191472
 0.0260558627714964 0.00733168002403959 0.0185320013027603 0.0366944881129419 0.0317667435353479 0.0499878895370727 0.0763260388675509 0.0905103001208210 0.0914356040280002 0.0856084248621562 0.0630085331254372 0.0415000341006288 0.0555728708401321 0.0499546868790977 0.0515577645906872 0.0266290752403847 -0.0418998426304661 -0.0977730011262497 -0.108698487063170 -0.117983940394624 -0.103976717408962 -0.0865133335939189 -0.0857493875351040 -0.0773192739651520 -0.0669908978160138 -0.0513840294586175 -0.0309856088392709 0.00609255011614200 -0.00282298930469331 0.0350206998218052 0.0669627017157743 0.0884540060289245 0.0884932500663779 0.0670253042866554 0.0265361918737357 -0.0464680845265459 -0.0596755015840358 -0.0725971246030850 -0.0529657023635251 -0.0529646103987915 -0.0242885253779517
 0.0720360438191721 0.146276959996043 0.212248871497317 0.103124716692788 0.00402048372399570 0.0246503271788031 0.0432732763537825 0.0698949181453689 0.0119713985161530 -0.0152938664561716 -0.0770181962793849 -0.0371371834056693 -0.0494613220590580 -0.00634541021914026 0.127497655363406 0.288805315939163 0.225634717307193 0.308200216712547 0.264308526207537 0.355173755419614 0.350976491353372 0.144735399539692 -0.0459992980307007 -0.157147247084674 -0.178635156404242 -0.120712849827077 0.0137448197722124 0.0530543814233279 0.126114090857300 0.0414813226292845 -0.0327448796139753 -0.0819284351773972 -0.206903928594318 -0.310257339749183 -0.369342380118346 -0.339202435654947 -0.334058294553833 -0.255451419293155 -0.170935343003839 -0.112001608486835 -0.0866468894134413
 -0.433579818700287 -1.05562310330881 -0.647463614613367 -1.21847950385614 -1.74109119916644 -1.46552868230274 -1.57852139253519 -1.59348932994046 -1.29203605390874 -0.936644060075408 -1.51262632889729 -1.27383531305694 -1.43801765515226 -0.877834185440030 -0.520105097307326 -0.535393254471046 0.238012639170781 -0.249000595278054 -0.0756971922557363 0.298668219812124 0.516051014922868 0.356718929807728 0.796345492862671 0.660250917266141 0.612301687440450 1.04593649491882 1.88891019804056 1.13785550676412 -0.0442197281749546 -0.273242668058891 1.09793313702386 0.649320918866741 2.02023436112105 2.49464998085301 2.83186533885838 -0.0831374662914419 -0.408451947564655 -0.357769647930518 -0.310052407191280 0.763845503328274 2.51293362233222
 0.596879877567436 1.32860910884748 1.16227250890034 0.779378255621022 0.136711063404461 0.978275558531655 0.614155144818966 0.357339278128887 1.03645057507048 1.50687109181671 -0.139144745744894 -0.620474973104338 0.400763205435246 -0.336084697177915 0.584876972054946 1.34790463009167 0.591901698140512 0.408526718880309 2.46634429181990 0.440269249136838 0.516756158009234 0.478716256085363 0.490753574360325 0.0444062848281902 0.00586542239042866 0.420322017227655 0.893711387651476 0.613918700800937 -0.367046292571243 -0.851521517153243 -1.06102462424480 -1.28472486638043 -1.21290433769897 -1.28208405408143 -1.62552213518009 -1.46242416395550 -1.95997306746683 -1.63952862570266 -1.71140364064673 -1.44150586870225 -1.20661052423313
# ln_recsigma:
 -0.693147181000000 -0.693147181000000 -0.693147181000000 -2.30258509300000 -0.693147181000000 -0.693147181000000 -2.30258509300000 -2.30258509300000 -0.693147181000000 -0.693147181000000
# avg_F:
 -3.47326851560885 -4.08928475036330 5.44961905810796
# F_devs:
 0.414198176613631 0.213454344969851 0.560365789305198 0.316758309694479 0.488040119228268 0.491818667769551 0.307127343718259 0.635922477489376 0.660904926327021 0.621749446044812 0.683010922139583 0.221463541167629 0.875361749764321 0.701295996955105 0.566110520411306 0.612553339752267 1.03327447664605 -0.0472633402265872 0.106291254790631 0.0341968519649607 0.106859635611050 0.0946873845376821 -0.0217721923133441 0.176189020093895 -0.109001665765615 0.235453644397546 -0.149916355714242 -0.497289748922835 -0.809697713883055 -0.374043156762323 -0.236816889468971 -0.263793620668370 -0.391126078737520 -0.289928985458433 -0.566027708054888 -1.11585825831506 -0.618533091089238 -0.497333345343541 -0.851105782730190 -0.822809245422329 -1.02263575892950 -1.47213534285893
 -0.820126785528599 -0.799367144565725 -0.268440212571270 -0.0967753096439731 -0.00840267040221998 -0.102475774987414 -0.210647145228052 -0.242558817442498 -0.198383463881437 0.294910543362266 0.390942712637210 0.685820645405781 0.795719253823756 1.13313912632985 0.921962449939143 -0.101366497274526 0.682007139186988 0.376343885472705 0.689847023097695 0.367592415991490 0.533232093252401 0.396718895902417 1.11845172710634 0.965843199737471 0.888046963512426 0.138439817573442 0.543709937978651 0.146192429301329 0.556479399634791 0.395724280693433 -0.400957033485138 -0.179254626162876 0.227416953326445 0.0154929460107611 -0.283048885948899 -2.19687581637950 -0.352732046986250 -0.389673389251028 -1.07226071293456 -1.44843513510293 -1.08204060024317 -2.01021839340090
 -3.43044749562078 -5.46218752243625 -4.79307014987441 -5.24024418786467 -5.28139960342227 -4.41367254061632 -5.00517070169306 -2.38587412559057 -3.58114310078925 -4.62730659379603 -4.66830315400514 -4.23270334159732 -3.67725236364934 -0.559899002219325 -3.03582440322634 0.532095702629067 1.01523677443317 -1.00242029752414 2.25957384196446 0.569977319762283 0.454370763370209 -1.30782510066494 -0.674895653240364 -0.238055706682028 2.11080312360683 3.66845302476255 3.88564579209189 3.37719648920575 4.45614816912982 4.89227705378568 5.02701160791548 4.27114581067874 2.20724557150024 2.04068758834974 2.56395408266131 5.27776860088002 5.36885552428913 4.24491097039967 4.19216079519763 3.70109300268496 2.36614578553710 -4.86506219211997
# logit_vuln:
 -2.68368451203201 -3.68303327892467 -9.99999999377484 -2.94056356736522 -8.53688735666971 -5.87375028451442 -3.14104221114371 -0.141996606310684 -3.76765636962718 -7.98638624310363 -0.369686550582820 -1.46124855177253 -6.63584669099196 -1.57027522394203 9.99972383832345 -3.47901570870397 -9.61365819269162 -4.68329195018391 -7.31641669041974 -5.42473205772263 -3.73192034604931 -8.75112150990063 -3.88323463029769 -4.26000260530822 -8.94809191748179 -6.04086463344560 -4.68400795764028 -1.98369384242732 -8.06136297976930 -4.68010888284184 -9.41862630381811 -2.58919712540328 -8.56999721149579 -2.66575649656979
# fishsel_pars:
 3.47662942888408 3.03216242866934 3.69395747646323
 2.31825441147646 -8.61181670618419 1.36924892695946
# ln_fishery_q:
 -4.79333234428156 1.33821823261103 -1.01065693890218 -4.39975781822054 -0.151109707699390 1.35370642639916 -1.25795532088985 2.66571965370860 -1.99031910532196 0.939006913266435 -2.73757920719323 -13.4561612642828
# ln_survey_q:
 -3.38968180875737 -5.46919166334654 -11.8599282334364 -2.93610821711484 -3.64122144944753 -10.3007608217089 0.525214061882409 -2.15402883139678 -2.95772501807765 -1.56880004218726
 -2.74826294908859 -4.71847686298577 -10.2853711198167 -4.22370717165817 -3.18423197482830 -10.3453736493303 -1.22543703397370 -2.59616576068858 -3.02546985239837 -1.66717734217658
 -2.72761335704345 -4.93097067602482 -9.58301270044179 -4.49386393081326 -2.43579905062456 -9.96953074758562 0.577162982415267 -2.47694366690271 -4.76720770289634 -0.0732400994928852
 -2.52745224318632 -4.92776368685994 -8.02856227633913 -4.76804314828659 -1.85552737633972 -9.65596488076213 -3.54014622406933 -3.23994333073005 -5.66671969371770 -0.489700352225462
# survey_selpars:
 -1.60865589118396 3.15083883424968 -0.277188428295135 -0.273566295765777
 -5.59050453919895 3.44163978517391 -2.27681101975476 -2.22201828857942
# ln_M1ann:
 -0.980852702998380 -67.6796398249848 0.464985717782967 -1.19052469898182 -1.53219674792675 0.310624749583928 -61.8683841258408 -0.829901404757864 -1.64692241759851 -47.1773442446107
# ln_otherFood_base:
18.8209254832
# otherFood_dev:
 0.00000000000 0.00000000000 0.00000000000 0.00000000000
