# This file was created using create_DataFile.R and used all inputs from csv files found in folder:
      #createDataFiles_testing/dataInputsHydra
# init_int debug
  4
# init_int Nyrs
  53
# init_int Nspecies
  10
# init_int Nsizebins
  5
# init_int Nareas
  1
# init_int Nfleets
  5
# init_int Nsurveys (e.g. NEFSC spring, NEFSC fall, NEAMAP, etc)  
  1
# init_number wtconv
  1
#
# List of Species in Model
# spinydog
# winterskate
# Aherring
# Acod
# haddock
# yellowtailfl
# winterfl
# Amackerel
# silverhake
# goosefish
#
# init_matrix binwidth(1,Nspecies,1,Nsizebins)
 	20	20	20	20	30
 	20	20	20	20	40
 	5	5	5	5	20
 	20	20	20	40	50
 	10	10	20	20	20
 	10	10	10	10	20
 	10	10	10	10	10
 	10	10	10	10	10
 	10	10	10	10	30
 	20	20	20	30	40
# init_vector lenwt_a(1,Nspecies)
  0.003 0.004 0.01 0.009 0.01 0.008 0.011 0.007 0.007 0.02
# init_vector lenwt_b(1,Nspecies)
  3.122 3.317 2.99 3.052 3.068 3.129 3.138 3.319 3.05 2.897
# init_int Nrecruitment_cov
  1
#  init_int Nmaturity_cov 
  1
#  init_int Ngrowth_cov
  1
#  init_matrix recruitment_cov(1,Nrecruitment_cov,1,Nyrs)
  1 1 1 1 1 1 1 1 1 1 1 1 1 1 1 1 1 1 1 1 1 1 1 1 1 1 1 1 1 1 1 1 1 1 1 1 1 1 1 1 1 1 1 1 1 1 1 1 1 1 1 1 1
#  init_matrix maturity_cov(1,Nmaturity_cov,1,Nyrs)
  1 1 1 1 1 1 1 1 1 1 1 1 1 1 1 1 1 1 1 1 1 1 1 1 1 1 1 1 1 1 1 1 1 1 1 1 1 1 1 1 1 1 1 1 1 1 1 1 1 1 1 1 1
#  init_matrix growth_cov(1,Ngrowth_cov,1,Nyrs)
  8 8 8 8 8 8 8 8 8 8 8 8 8 8 8 9.1611 8.0724 8.9277 8.5853 8.7196 8.4143 9.2862 9.1195 9.6151 9.0835 8.1635 8.4771 8.2231 8.8848 8.7333 8.1252 8.4243 9.3494 9.5417 8.2806 8.7779 9.014 9.8138 9.2278 9.21 9.9467 8.6597 7.9774 8.3691 9.162 8.3644 8.8738 8.9778 9.2916 9.2916 9.2916 9.2916 9.2916
#Survey index data
# Nsurvey_obs
530
#   obs_survey_biomass(1,Nsurvey_obs,1,5) 
#   THESE ARE FROM ATLANTIS AND SHOULD NOT BE USED IN FITTING: REPLACE WITH SURVEY DATA
# survey year spp value cv
1 1 1 323000 0.3
1 2 1 319000 0.3
1 3 1 323000 0.3
1 4 1 319000 0.3
1 5 1 314000 0.3
1 6 1 311000 0.3
1 7 1 313000 0.3
1 8 1 322000 0.3
1 9 1 336000 0.3
1 10 1 356000 0.3
1 11 1 392000 0.3
1 12 1 420000 0.3
1 13 1 453000 0.3
1 14 1 490000 0.3
1 15 1 526790.4511 0.3
1 16 1 564224.1819 0.3
1 17 1 603763.1846 0.3
1 18 1 644112.1309 0.3
1 19 1 685405.0426 0.3
1 20 1 717264.437 0.3
1 21 1 744810.2684 0.3
1 22 1 767269.7318 0.3
1 23 1 789731.1329 0.3
1 24 1 979954.8372 0.3
1 25 1 985479.7632 0.3
1 26 1 1000515.39 0.3
1 27 1 1023820.644 0.3
1 28 1 1049917.425 0.3
1 29 1 1078689.475 0.3
1 30 1 1224782.882 0.3
1 31 1 1201531.237 0.3
1 32 1 1187721.183 0.3
1 33 1 1173335.965 0.3
1 34 1 1164290.95 0.3
1 35 1 1156423.711 0.3
1 36 1 1203591.62 0.3
1 37 1 1187939.493 0.3
1 38 1 1174918.714 0.3
1 39 1 1164941.359 0.3
1 40 1 1200004.681 0.3
1 41 1 1189195.422 0.3
1 42 1 1184021.859 0.3
1 43 1 1294204.862 0.3
1 44 1 1256708.157 0.3
1 45 1 1225214.335 0.3
1 46 1 1195731.486 0.3
1 47 1 1168301.268 0.3
1 48 1 1144856.825 0.3
1 49 1 1123438.211 0.3
1 50 1 1104724.898 0.3
1 51 1 1093997.021 0.3
1 52 1 1076095.912 0.3
1 53 1 1134127.98 0.3
1 1 2 9410000 0.3
1 2 2 12300000 0.3
1 3 2 9410000 0.3
1 4 2 12300000 0.3
1 5 2 14500000 0.3
1 6 2 16300000 0.3
1 7 2 17500000 0.3
1 8 2 18700000 0.3
1 9 2 19900000 0.3
1 10 2 20400000 0.3
1 11 2 21100000 0.3
1 12 2 21900000 0.3
1 13 2 21800000 0.3
1 14 2 22200000 0.3
1 15 2 22389484.64 0.3
1 16 2 21541868.79 0.3
1 17 2 21308407.29 0.3
1 18 2 21106745.51 0.3
1 19 2 19753412.52 0.3
1 20 2 19068476.03 0.3
1 21 2 18336451.86 0.3
1 22 2 16946254.55 0.3
1 23 2 16085421.76 0.3
1 24 2 15539140.69 0.3
1 25 2 14373546.52 0.3
1 26 2 13589341.82 0.3
1 27 2 12868604.76 0.3
1 28 2 12205122.25 0.3
1 29 2 11590939.66 0.3
1 30 2 11095728.29 0.3
1 31 2 10650485.21 0.3
1 32 2 10228070.52 0.3
1 33 2 9914450.771 0.3
1 34 2 9593714.214 0.3
1 35 2 9226765.459 0.3
1 36 2 8993661.686 0.3
1 37 2 8695970.038 0.3
1 38 2 8469437.076 0.3
1 39 2 8215500.63 0.3
1 40 2 8037542.722 0.3
1 41 2 7923579.623 0.3
1 42 2 7859274.16 0.3
1 43 2 7793980.251 0.3
1 44 2 7766567.353 0.3
1 45 2 7730183.132 0.3
1 46 2 7673258.065 0.3
1 47 2 7680214.841 0.3
1 48 2 7663712.502 0.3
1 49 2 7639406.148 0.3
1 50 2 7647605.541 0.3
1 51 2 7695455.734 0.3
1 52 2 7708465.565 0.3
1 53 2 7723009.839 0.3
1 1 3 2990000 0.3
1 2 3 2600000 0.3
1 3 3 2990000 0.3
1 4 3 2600000 0.3
1 5 3 2140000 0.3
1 6 3 1700000 0.3
1 7 3 1320000 0.3
1 8 3 1020000 0.3
1 9 3 797000 0.3
1 10 3 669000 0.3
1 11 3 542000 0.3
1 12 3 474000 0.3
1 13 3 449000 0.3
1 14 3 494000 0.3
1 15 3 397879.1304 0.3
1 16 3 340716.2376 0.3
1 17 3 668887.0067 0.3
1 18 3 1043678.761 0.3
1 19 3 1353107.697 0.3
1 20 3 1528923.948 0.3
1 21 3 1662839.113 0.3
1 22 3 2168901.571 0.3
1 23 3 2146757.576 0.3
1 24 3 2110259.217 0.3
1 25 3 2066905.624 0.3
1 26 3 1997122.391 0.3
1 27 3 1918926.596 0.3
1 28 3 1844719.955 0.3
1 29 3 1774274.858 0.3
1 30 3 1854537.106 0.3
1 31 3 1770558.237 0.3
1 32 3 1704440.713 0.3
1 33 3 2202171.471 0.3
1 34 3 2420113.423 0.3
1 35 3 2192195.592 0.3
1 36 3 2768020.319 0.3
1 37 3 2431448.968 0.3
1 38 3 2208835.034 0.3
1 39 3 1989203.981 0.3
1 40 3 2273224.524 0.3
1 41 3 2071026.551 0.3
1 42 3 1827409.665 0.3
1 43 3 2549296.709 0.3
1 44 3 2640433.293 0.3
1 45 3 2173768.218 0.3
1 46 3 1805002.122 0.3
1 47 3 1732532.5 0.3
1 48 3 1456583.104 0.3
1 49 3 1298397.594 0.3
1 50 3 1354090.011 0.3
1 51 3 1218542.647 0.3
1 52 3 1132961.528 0.3
1 53 3 1077122.363 0.3
1 1 4 2780000 0.3
1 2 4 2760000 0.3
1 3 4 780000 0.3
1 4 4 2760000 0.3
1 5 4 2830000 0.3
1 6 4 3120000 0.3
1 7 4 3600000 0.3
1 8 4 3790000 0.3
1 9 4 3670000 0.3
1 10 4 3550000 0.3
1 11 4 3390000 0.3
1 12 4 3220000 0.3
1 13 4 3070000 0.3
1 14 4 2910000 0.3
1 15 4 2737093.239 0.3
1 16 4 2562230.292 0.3
1 17 4 2422916.681 0.3
1 18 4 2248162.082 0.3
1 19 4 2076421.787 0.3
1 20 4 1934455.033 0.3
1 21 4 1809640.639 0.3
1 22 4 1682423.136 0.3
1 23 4 1565607.065 0.3
1 24 4 1472716.507 0.3
1 25 4 1384334.903 0.3
1 26 4 1304268.332 0.3
1 27 4 1208027.313 0.3
1 28 4 1118064.936 0.3
1 29 4 1049797.21 0.3
1 30 4 1021879.48 0.3
1 31 4 996187.0565 0.3
1 32 4 969111.1091 0.3
1 33 4 964196.5441 0.3
1 34 4 951633.7046 0.3
1 35 4 933072.8176 0.3
1 36 4 923235.353 0.3
1 37 4 902985.3448 0.3
1 38 4 898395.8245 0.3
1 39 4 904571.6742 0.3
1 40 4 922382.4579 0.3
1 41 4 951800.3942 0.3
1 42 4 991600.3143 0.3
1 43 4 1033636.653 0.3
1 44 4 1077381.561 0.3
1 45 4 1094595.04 0.3
1 46 4 1123754.607 0.3
1 47 4 1158401.041 0.3
1 48 4 1212525.154 0.3
1 49 4 1254172.55 0.3
1 50 4 1280904.006 0.3
1 51 4 1297075.675 0.3
1 52 4 1323815.465 0.3
1 53 4 1340320.514 0.3
1 1 5 15600000 0.3
1 2 5 8450000 0.3
1 3 5 15600000 0.3
1 4 5 8450000 0.3
1 5 5 6880000 0.3
1 6 5 5920000 0.3
1 7 5 5220000 0.3
1 8 5 4620000 0.3
1 9 5 4180000 0.3
1 10 5 3780000 0.3
1 11 5 3460000 0.3
1 12 5 3200000 0.3
1 13 5 2970000 0.3
1 14 5 2770000 0.3
1 15 5 2562865.865 0.3
1 16 5 2366401.154 0.3
1 17 5 2194211.941 0.3
1 18 5 2006930.446 0.3
1 19 5 1841819.638 0.3
1 20 5 1685845.274 0.3
1 21 5 1519315.666 0.3
1 22 5 1346066.252 0.3
1 23 5 1166658.314 0.3
1 24 5 1020225.763 0.3
1 25 5 855224.0936 0.3
1 26 5 720173.1192 0.3
1 27 5 582471.6408 0.3
1 28 5 472304.2216 0.3
1 29 5 430130.0256 0.3
1 30 5 411155.5352 0.3
1 31 5 389327.8552 0.3
1 32 5 370041.5408 0.3
1 33 5 342710.1672 0.3
1 34 5 323673.312 0.3
1 35 5 301050.4808 0.3
1 36 5 287829.1432 0.3
1 37 5 267124.0296 0.3
1 38 5 258782.7376 0.3
1 39 5 259546.7064 0.3
1 40 5 276478.7496 0.3
1 41 5 302874.6512 0.3
1 42 5 346545.6024 0.3
1 43 5 394847.14 0.3
1 44 5 433622.4544 0.3
1 45 5 482953.0112 0.3
1 46 5 538099.0856 0.3
1 47 5 594398.9088 0.3
1 48 5 654471.8024 0.3
1 49 5 713936.6392 0.3
1 50 5 745711.5048 0.3
1 51 5 788509.3488 0.3
1 52 5 842049.5296 0.3
1 53 5 878392.6168 0.3
1 1 6 4910000 0.3
1 2 6 3570000 0.3
1 3 6 4910000 0.3
1 4 6 3570000 0.3
1 5 6 3700000 0.3
1 6 6 3510000 0.3
1 7 6 3190000 0.3
1 8 6 3040000 0.3
1 9 6 2900000 0.3
1 10 6 2760000 0.3
1 11 6 2590000 0.3
1 12 6 2510000 0.3
1 13 6 2360000 0.3
1 14 6 2230000 0.3
1 15 6 2043972.691 0.3
1 16 6 1943792.262 0.3
1 17 6 1792332.27 0.3
1 18 6 1659130.24 0.3
1 19 6 1499836.28 0.3
1 20 6 1336590.934 0.3
1 21 6 1220177.382 0.3
1 22 6 1099276.746 0.3
1 23 6 974208.4785 0.3
1 24 6 864464.1207 0.3
1 25 6 751584.2098 0.3
1 26 6 664304.7629 0.3
1 27 6 575998.152 0.3
1 28 6 517228.6477 0.3
1 29 6 521243.9249 0.3
1 30 6 540774.7838 0.3
1 31 6 529957.6171 0.3
1 32 6 507232.2293 0.3
1 33 6 506323.0172 0.3
1 34 6 511517.8128 0.3
1 35 6 487396.6615 0.3
1 36 6 468755.3561 0.3
1 37 6 469841.496 0.3
1 38 6 470524.6337 0.3
1 39 6 492237.6016 0.3
1 40 6 526443.6352 0.3
1 41 6 565947.6723 0.3
1 42 6 611201.8616 0.3
1 43 6 636001.2359 0.3
1 44 6 647349.1859 0.3
1 45 6 663803.4676 0.3
1 46 6 689059.9053 0.3
1 47 6 716930.9422 0.3
1 48 6 742295.5024 0.3
1 49 6 768397.2617 0.3
1 50 6 790945.7218 0.3
1 51 6 803183.2252 0.3
1 52 6 833482.1041 0.3
1 53 6 845360.8373 0.3
1 1 7 1363490 0.3
1 2 7 1422230.513 0.3
1 3 7 1363490 0.3
1 4 7 1422230.513 0.3
1 5 7 1279323.126 0.3
1 6 7 1176870.487 0.3
1 7 7 1082473.348 0.3
1 8 7 1030758.899 0.3
1 9 7 944591.7848 0.3
1 10 7 897859.5285 0.3
1 11 7 826456.2842 0.3
1 12 7 765167.4087 0.3
1 13 7 703410.8561 0.3
1 14 7 648700.8199 0.3
1 15 7 580096.8205 0.3
1 16 7 517803.0529 0.3
1 17 7 458068.556 0.3
1 18 7 414293.7095 0.3
1 19 7 377658.0967 0.3
1 20 7 322050.884 0.3
1 21 7 303428.3376 0.3
1 22 7 295897.7824 0.3
1 23 7 277219.3328 0.3
1 24 7 243318.881 0.3
1 25 7 231144.2788 0.3
1 26 7 226624.3094 0.3
1 27 7 210239.2501 0.3
1 28 7 195689.4483 0.3
1 29 7 217203.957 0.3
1 30 7 226427.9669 0.3
1 31 7 195858.5211 0.3
1 32 7 203399.9842 0.3
1 33 7 199169.0748 0.3
1 34 7 201838.7882 0.3
1 35 7 196143.4905 0.3
1 36 7 219414.1743 0.3
1 37 7 197286.0951 0.3
1 38 7 204249.4385 0.3
1 39 7 198415.0648 0.3
1 40 7 208915.3013 0.3
1 41 7 221993.8974 0.3
1 42 7 232466.8641 0.3
1 43 7 228546.8303 0.3
1 44 7 252680.6033 0.3
1 45 7 240331.4744 0.3
1 46 7 243872.4579 0.3
1 47 7 248249.2608 0.3
1 48 7 244715.0947 0.3
1 49 7 252139.2978 0.3
1 50 7 251893.8696 0.3
1 51 7 252676.5128 0.3
1 52 7 256330.666 0.3
1 53 7 262387.2886 0.3
1 1 8 2140000 0.3
1 2 8 2660000 0.3
1 3 8 2140000 0.3
1 4 8 2660000 0.3
1 5 8 2080000 0.3
1 6 8 2580000 0.3
1 7 8 2830000 0.3
1 8 8 2070000 0.3
1 9 8 1520000 0.3
1 10 8 1620000 0.3
1 11 8 1540000 0.3
1 12 8 1410000 0.3
1 13 8 1310000 0.3
1 14 8 813000 0.3
1 15 8 516919.3752 0.3
1 16 8 436598.2114 0.3
1 17 8 669578.0949 0.3
1 18 8 1056394.152 0.3
1 19 8 1002190.669 0.3
1 20 8 905406.5194 0.3
1 21 8 1099483.41 0.3
1 22 8 1970538.619 0.3
1 23 8 2853338.45 0.3
1 24 8 2443469.084 0.3
1 25 8 3450339.652 0.3
1 26 8 2777447.163 0.3
1 27 8 2400255.884 0.3
1 28 8 2072301.839 0.3
1 29 8 2785817.557 0.3
1 30 8 2444118.714 0.3
1 31 8 2015734.9 0.3
1 32 8 2787888.252 0.3
1 33 8 2100936.835 0.3
1 34 8 1829818.983 0.3
1 35 8 2535466.488 0.3
1 36 8 3130151.247 0.3
1 37 8 2542633.785 0.3
1 38 8 3428029.998 0.3
1 39 8 3328807.6 0.3
1 40 8 4009914.487 0.3
1 41 8 3149511.923 0.3
1 42 8 3955657.58 0.3
1 43 8 2982027.114 0.3
1 44 8 3021793.431 0.3
1 45 8 3511015.926 0.3
1 46 8 2637640.001 0.3
1 47 8 3380942.525 0.3
1 48 8 3960918.726 0.3
1 49 8 4553936.672 0.3
1 50 8 5237088.609 0.3
1 51 8 5793643.948 0.3
1 52 8 6420934.137 0.3
1 53 8 4921421.97 0.3
1 1 9 5e+06 0.3
1 2 9 5264460 0.3
1 3 9 5e+06 0.3
1 4 9 5264460 0.3
1 5 9 5027540 0.3
1 6 9 4480820 0.3
1 7 9 3926235 0.3
1 8 9 3448180 0.3
1 9 9 3041910 0.3
1 10 9 2667910 0.3
1 11 9 2452015 0.3
1 12 9 2097655 0.3
1 13 9 1796295 0.3
1 14 9 1544535 0.3
1 15 9 1298900 0.3
1 16 9 1030890 0.3
1 17 9 1465390 0.3
1 18 9 1955675 0.3
1 19 9 2325605 0.3
1 20 9 2452155 0.3
1 21 9 2443455 0.3
1 22 9 2379600 0.3
1 23 9 2237180 0.3
1 24 9 2093985 0.3
1 25 9 1851325 0.3
1 26 9 1644920 0.3
1 27 9 1433840 0.3
1 28 9 1264085 0.3
1 29 9 1167880 0.3
1 30 9 1107045 0.3
1 31 9 1068050 0.3
1 32 9 1035855 0.3
1 33 9 1021370 0.3
1 34 9 1004030 0.3
1 35 9 980235 0.3
1 36 9 981910 0.3
1 37 9 967180 0.3
1 38 9 986035 0.3
1 39 9 989970 0.3
1 40 9 1051535 0.3
1 41 9 1112725 0.3
1 42 9 1179575 0.3
1 43 9 1248480 0.3
1 44 9 1314330 0.3
1 45 9 1415845 0.3
1 46 9 1477605 0.3
1 47 9 1519510 0.3
1 48 9 1621495 0.3
1 49 9 1702530 0.3
1 50 9 1769795 0.3
1 51 9 1794900 0.3
1 52 9 1838910 0.3
1 53 9 1904070 0.3
1 1 10 5e+05 0.3
1 2 10 533187 0.3
1 3 10 5e+05 0.3
1 4 10 533187 0.3
1 5 10 627923 0.3
1 6 10 758534.5 0.3
1 7 10 843375.5 0.3
1 8 10 854665 0.3
1 9 10 862953 0.3
1 10 10 874340.5 0.3
1 11 10 877886.5 0.3
1 12 10 883578.5 0.3
1 13 10 877285.5 0.3
1 14 10 885015.5 0.3
1 15 10 871092 0.3
1 16 10 870090.5 0.3
1 17 10 875358 0.3
1 18 10 889216 0.3
1 19 10 884812 0.3
1 20 10 885856 0.3
1 21 10 872234.5 0.3
1 22 10 880019 0.3
1 23 10 870902 0.3
1 24 10 865407 0.3
1 25 10 864961 0.3
1 26 10 866824 0.3
1 27 10 851914.5 0.3
1 28 10 844535.5 0.3
1 29 10 825003.5 0.3
1 30 10 824347 0.3
1 31 10 820541.5 0.3
1 32 10 819458.5 0.3
1 33 10 809473.5 0.3
1 34 10 820131 0.3
1 35 10 816845.5 0.3
1 36 10 814717.5 0.3
1 37 10 809854.5 0.3
1 38 10 812368.5 0.3
1 39 10 804822 0.3
1 40 10 812431.5 0.3
1 41 10 809281.5 0.3
1 42 10 804658 0.3
1 43 10 805165 0.3
1 44 10 813186 0.3
1 45 10 803146 0.3
1 46 10 804741 0.3
1 47 10 796595 0.3
1 48 10 798917 0.3
1 49 10 795012.5 0.3
1 50 10 808069 0.3
1 51 10 796351 0.3
1 52 10 804116 0.3
1 53 10 790638 0.3
#   init_3darray obs_catch_biomass(1,Nareas,1,Nspecies,1,Nyrs) 
# Catch data
# Number of observations
530
#Catch data
#Fleet	Area	Year	Species	Catch(biomass t)	CV
1	1	1	1	0.01	0.05
1	1	2	1	0.01	0.05
1	1	3	1	235	0.05
1	1	4	1	611	0.05
1	1	5	1	746	0.05
1	1	6	1	695	0.05
1	1	7	1	10006	0.05
1	1	8	1	2714	0.05
1	1	9	1	4562	0.05
1	1	10	1	9303	0.05
1	1	11	1	5765	0.05
1	1	12	1	11643	0.05
1	1	13	1	24063	0.05
1	1	14	1	18902	0.05
1	1	15	1	24676	0.05
1	1	16	1	22671	0.05
1	1	17	1	17341	0.05
1	1	18	1	8131	0.05
1	1	19	1	1534	0.05
1	1	20	1	6271	0.05
1	1	21	1	5354	0.05
1	1	22	1	10192	0.05
1	1	23	1	7147	0.05
1	1	24	1	5968	0.05
1	1	25	1	5361	0.05
1	1	26	1	6107	0.05
1	1	27	1	4506	0.05
1	1	28	1	4484	0.05
1	1	29	1	4987	0.05
1	1	30	1	6676	0.05
1	1	31	1	17788	0.05
1	1	32	1	15183	0.05
1	1	33	1	18987	0.05
1	1	34	1	23311	0.05
1	1	35	1	21744	0.05
1	1	36	1	24365	0.05
1	1	37	1	28279	0.05
1	1	38	1	19825	0.05
1	1	39	1	22962	0.05
1	1	40	1	23690	0.05
1	1	41	1	18394.5	0.05
1	1	42	1	15038	0.05
1	1	43	1	13791.5	0.05
1	1	44	1	11635	0.05
1	1	45	1	14020	0.05
1	1	46	1	19691	0.05
1	1	47	1	21488	0.05
1	1	48	1	27078	0.05
1	1	49	1	20307	0.05
1	1	50	1	20307	0.05
1	1	51	1	20307	0.05
1	1	52	1	20307	0.05
1	1	53	1	20307	0.05
1	1	1	2	28.10134136	0.05
1	1	2	2	28.10134136	0.05
1	1	3	2	28.10134136	0.05
1	1	4	2	28.10134136	0.05
1	1	5	2	25.82967604	0.05
1	1	6	2	32.47640049	0.05
1	1	7	2	25.99794754	0.05
1	1	8	2	60.32533459	0.05
1	1	9	2	30.03646367	0.05
1	1	10	2	43.41404833	0.05
1	1	11	2	58.55848379	0.05
1	1	12	2	53.25793138	0.05
1	1	13	2	72.27261146	0.05
1	1	14	2	73.11396898	0.05
1	1	15	2	67.39273781	0.05
1	1	16	2	95.99889368	0.05
1	1	17	2	94.40031438	0.05
1	1	18	2	124.7733211	0.05
1	1	19	2	254.5947873	0.05
1	1	20	2	414.1161742	0.05
1	1	21	2	518.3603716	0.05
1	1	22	2	276.3018114	0.05
1	1	23	2	360.6899713	0.05
1	1	24	2	742.6662879	0.05
1	1	25	2	698.9998324	0.05
1	1	26	2	642.2081994	0.05
1	1	27	2	829.6626561	0.05
1	1	28	2	1211.30243	0.05
1	1	29	2	1778.377402	0.05
1	1	30	2	5626.729029	0.05
1	1	31	2	9459.427731	0.05
1	1	32	2	9160.564769	0.05
1	1	33	2	10396.30523	0.05
1	1	34	2	10290.98024	0.05
1	1	35	2	7129.806617	0.05
1	1	36	2	6029.269719	0.05
1	1	37	2	11239.28154	0.05
1	1	38	2	8264.169956	0.05
1	1	39	2	10282.73404	0.05
1	1	40	2	9018.409484	0.05
1	1	41	2	10414.12905	0.05
1	1	42	2	10403.1419	0.05
1	1	43	2	10657.11487	0.05
1	1	44	2	11714.51909	0.05
1	1	45	2	11918.39455	0.05
1	1	46	2	9751.847933	0.05
1	1	47	2	10553.9367	0.05
1	1	48	2	10553.9367	0.05
1	1	49	2	10553.9367	0.05
1	1	50	2	10553.9367	0.05
1	1	51	2	10553.9367	0.05
1	1	52	2	10553.9367	0.05
1	1	53	2	10553.9367	0.05
1	1	1	3	0.01	0.05
1	1	2	3	0.01	0.05
1	1	3	3	0.01	0.05
1	1	4	3	0.01	0.05
1	1	5	3	173640	0.05
1	1	6	3	94601	0.05
1	1	7	3	185200	0.05
1	1	8	3	275764	0.05
1	1	9	3	445656	0.05
1	1	10	3	371155	0.05
1	1	11	3	306423	0.05
1	1	12	3	333692	0.05
1	1	13	3	248526	0.05
1	1	14	3	254500	0.05
1	1	15	3	210502	0.05
1	1	16	3	202643	0.05
1	1	17	3	115338	0.05
1	1	18	3	83612	0.05
1	1	19	3	72732	0.05
1	1	20	3	81048	0.05
1	1	21	3	99445	0.05
1	1	22	3	85622	0.05
1	1	23	3	44447	0.05
1	1	24	3	33230	0.05
1	1	25	3	46660	0.05
1	1	26	3	33352	0.05
1	1	27	3	40220	0.05
1	1	28	3	49957	0.05
1	1	29	3	53617	0.05
1	1	30	3	55843	0.05
1	1	31	3	55407	0.05
1	1	32	3	80435	0.05
1	1	33	3	92749	0.05
1	1	34	3	76881	0.05
1	1	35	3	63700	0.05
1	1	36	3	106185	0.05
1	1	37	3	117419	0.05
1	1	38	3	124099	0.05
1	1	39	3	108623	0.05
1	1	40	3	110853	0.05
1	1	41	3	109141	0.05
1	1	42	3	120575	0.05
1	1	43	3	93222	0.05
1	1	44	3	102472	0.05
1	1	45	3	94724	0.05
1	1	46	3	93738	0.05
1	1	47	3	104001	0.05
1	1	48	3	81519	0.05
1	1	49	3	84681	0.05
1	1	50	3	103556	0.05
1	1	51	3	68454	0.05
1	1	52	3	81104	0.05
1	1	53	3	81104	0.05
1	1	1	4	10853	0.05
1	1	2	4	14731	0.05
1	1	3	4	23486	0.05
1	1	4	4	27189	0.05
1	1	5	4	25165	0.05
1	1	6	4	38333	0.05
1	1	7	4	53134	0.05
1	1	8	4	36752	0.05
1	1	9	4	43136	0.05
1	1	10	4	37939	0.05
1	1	11	4	25652	0.05
1	1	12	4	28179	0.05
1	1	13	4	25059	0.05
1	1	14	4	28923	0.05
1	1	15	4	27331	0.05
1	1	16	4	25008	0.05
1	1	17	4	19926	0.05
1	1	18	4	27367	0.05
1	1	19	4	35751	0.05
1	1	20	4	39264	0.05
1	1	21	4	48771	0.05
1	1	22	4	47649	0.05
1	1	23	4	61172	0.05
1	1	24	4	53473	0.05
1	1	25	4	39836	0.05
1	1	26	4	42422	0.05
1	1	27	4	26927	0.05
1	1	28	4	32191	0.05
1	1	29	4	42044	0.05
1	1	30	4	34472	0.05
1	1	31	4	44592	0.05
1	1	32	4	39214	0.05
1	1	33	4	30454	0.05
1	1	34	4	24794	0.05
1	1	35	4	15855	0.05
1	1	36	4	9102	0.05
1	1	37	4	9743	0.05
1	1	38	4	11807	0.05
1	1	39	4	9884	0.05
1	1	40	4	10998	0.05
1	1	41	4	9770	0.05
1	1	42	4	14023	0.05
1	1	43	4	11386	0.05
1	1	44	4	9054	0.05
1	1	45	4	5415	0.05
1	1	46	4	4895	0.05
1	1	47	4	4788	0.05
1	1	48	4	6588	0.05
1	1	49	4	5297	0.05
1	1	50	4	5100	0.05
1	1	51	4	4159	0.05
1	1	52	4	4159	0.05
1	1	53	4	4159	0.05
1	1	1	5	40877	0.05
1	1	2	5	46650	0.05
1	1	3	5	54004	0.05
1	1	4	5	54846	0.05
1	1	5	5	64086	0.05
1	1	6	5	150362	0.05
1	1	7	5	121274	0.05
1	1	8	5	51469	0.05
1	1	9	5	40923	0.05
1	1	10	5	22252	0.05
1	1	11	5	11300	0.05
1	1	12	5	10862	0.05
1	1	13	5	5866	0.05
1	1	14	5	5429	0.05
1	1	15	5	4450	0.05
1	1	16	5	5606	0.05
1	1	17	5	4484	0.05
1	1	18	5	10994	0.05
1	1	19	5	22516	0.05
1	1	20	5	19647	0.05
1	1	21	5	27638	0.05
1	1	22	5	25011	0.05
1	1	23	5	17627	0.05
1	1	24	5	12009	0.05
1	1	25	5	10394	0.05
1	1	26	5	7943	0.05
1	1	27	5	6846	0.05
1	1	28	5	6997	0.05
1	1	29	5	6689	0.05
1	1	30	5	4915	0.05
1	1	31	5	5574	0.05
1	1	32	5	6997	0.05
1	1	33	5	6244	0.05
1	1	34	5	4668	0.05
1	1	35	5	4827	0.05
1	1	36	5	2442	0.05
1	1	37	5	4131	0.05
1	1	38	5	3833	0.05
1	1	39	5	5665	0.05
1	1	40	5	6357	0.05
1	1	41	5	8711	0.05
1	1	42	5	11788	0.05
1	1	43	5	13258	0.05
1	1	44	5	12827	0.05
1	1	45	5	18253	0.05
1	1	46	5	21814	0.05
1	1	47	5	15989	0.05
1	1	48	5	16815	0.05
1	1	49	5	21021	0.05
1	1	50	5	23126	0.05
1	1	51	5	25903	0.05
1	1	52	5	25903	0.05
1	1	53	5	25903	0.05
1	1	1	6	5900	0.05
1	1	2	6	5700	0.05
1	1	3	6	7700	0.05
1	1	4	6	16690	0.05
1	1	5	6	19814	0.05
1	1	6	6	19448	0.05
1	1	7	6	13741	0.05
1	1	8	6	15307	0.05
1	1	9	6	18321	0.05
1	1	10	6	21271	0.05
1	1	11	6	21410	0.05
1	1	12	6	15610	0.05
1	1	13	6	18039	0.05
1	1	14	6	16953	0.05
1	1	15	6	17211	0.05
1	1	16	6	16750	0.05
1	1	17	6	14988	0.05
1	1	18	6	10639	0.05
1	1	19	6	6944	0.05
1	1	20	6	6935	0.05
1	1	21	6	7539	0.05
1	1	22	6	6979	0.05
1	1	23	6	12520	0.05
1	1	24	6	11989	0.05
1	1	25	6	6280	0.05
1	1	26	6	3267	0.05
1	1	27	6	3474	0.05
1	1	28	6	3580	0.05
1	1	29	6	2759	0.05
1	1	30	6	1783	0.05
1	1	31	6	4089	0.05
1	1	32	6	2564	0.05
1	1	33	6	5299	0.05
1	1	34	6	4300	0.05
1	1	35	6	4158	0.05
1	1	36	6	1135	0.05
1	1	37	6	1700	0.05
1	1	38	6	2464	0.05
1	1	39	6	3985	0.05
1	1	40	6	4963	0.05
1	1	41	6	7341	0.05
1	1	42	6	7419	0.05
1	1	43	6	5663	0.05
1	1	44	6	6562	0.05
1	1	45	6	6815	0.05
1	1	46	6	3851	0.05
1	1	47	6	2109	0.05
1	1	48	6	1662	0.05
1	1	49	6	1504	0.05
1	1	50	6	1806	0.05
1	1	51	6	1160	0.05
1	1	52	6	1169	0.05
1	1	53	6	1169	0.05
1	1	1	7	0.01	0.05
1	1	2	7	0.01	0.05
1	1	3	7	0.01	0.05
1	1	4	7	0.01	0.05
1	1	5	7	1747	0.05
1	1	6	7	1851	0.05
1	1	7	7	2333	0.05
1	1	8	7	2454	0.05
1	1	9	7	2138	0.05
1	1	10	7	2633	0.05
1	1	11	7	2824	0.05
1	1	12	7	4286	0.05
1	1	13	7	4608	0.05
1	1	14	7	3068	0.05
1	1	15	7	2315	0.05
1	1	16	7	3053	0.05
1	1	17	7	2034	0.05
1	1	18	7	3798	0.05
1	1	19	7	3510	0.05
1	1	20	7	3319	0.05
1	1	21	7	4227	0.05
1	1	22	7	4290	0.05
1	1	23	7	3338	0.05
1	1	24	7	4203	0.05
1	1	25	7	4182	0.05
1	1	26	7	2432	0.05
1	1	27	7	2110	0.05
1	1	28	7	3138	0.05
1	1	29	7	3278	0.05
1	1	30	7	2343	0.05
1	1	31	7	2442	0.05
1	1	32	7	2310	0.05
1	1	33	7	2056	0.05
1	1	34	7	1873	0.05
1	1	35	7	1150	0.05
1	1	36	7	842	0.05
1	1	37	7	1554	0.05
1	1	38	7	1562	0.05
1	1	39	7	1569	0.05
1	1	40	7	1235	0.05
1	1	41	7	2027	0.05
1	1	42	7	2413	0.05
1	1	43	7	2558	0.05
1	1	44	7	3328	0.05
1	1	45	7	3026	0.05
1	1	46	7	2347	0.05
1	1	47	7	1125	0.05
1	1	48	7	1039	0.05
1	1	49	7	1179	0.05
1	1	50	7	2013	0.05
1	1	51	7	1544	0.05
1	1	52	7	1544	0.05
1	1	53	7	1544	0.05
1	1	1	8	0.01	0.05
1	1	2	8	0.01	0.05
1	1	3	8	7978	0.05
1	1	4	8	9092	0.05
1	1	5	8	13405	0.05
1	1	6	8	16533	0.05
1	1	7	8	23496	0.05
1	1	8	8	34181	0.05
1	1	9	8	90495	0.05
1	1	10	8	135917	0.05
1	1	11	8	234872	0.05
1	1	12	8	382794	0.05
1	1	13	8	415830	0.05
1	1	14	8	436609	0.05
1	1	15	8	367534	0.05
1	1	16	8	309951	0.05
1	1	17	8	259052	0.05
1	1	18	8	80209	0.05
1	1	19	8	28345	0.05
1	1	20	8	33042	0.05
1	1	21	8	25545	0.05
1	1	22	8	30806	0.05
1	1	23	8	27548	0.05
1	1	24	8	32559	0.05
1	1	25	8	40638	0.05
1	1	26	8	71609	0.05
1	1	27	8	70692	0.05
1	1	28	8	80394	0.05
1	1	29	8	82492	0.05
1	1	30	8	73961	0.05
1	1	31	8	82996	0.05
1	1	32	8	70155	0.05
1	1	33	8	36366	0.05
1	1	34	8	31424	0.05
1	1	35	8	31187	0.05
1	1	36	8	27424	0.05
1	1	37	8	37547	0.05
1	1	38	8	38449	0.05
1	1	39	8	34548	0.05
1	1	40	8	29927	0.05
1	1	41	8	20480	0.05
1	1	42	8	37826	0.05
1	1	43	8	62133	0.05
1	1	44	8	79543	0.05
1	1	45	8	108886	0.05
1	1	46	8	108886	0.05
1	1	47	8	108886	0.05
1	1	48	8	108886	0.05
1	1	49	8	108886	0.05
1	1	50	8	108886	0.05
1	1	51	8	108886	0.05
1	1	52	8	108886	0.05
1	1	53	8	108886	0.05
1	1	1	9	45543	0.05
1	1	2	9	39688	0.05
1	1	3	9	79002	0.05
1	1	4	9	73924	0.05
1	1	5	9	94462	0.05
1	1	6	9	45279	0.05
1	1	7	9	47808	0.05
1	1	8	9	33371	0.05
1	1	9	9	41378.94	0.05
1	1	10	9	24054.96	0.05
1	1	11	9	27527.97	0.05
1	1	12	9	36398.22	0.05
1	1	13	9	25223.95	0.05
1	1	14	9	32090.95	0.05
1	1	15	9	20682	0.05
1	1	16	9	39874	0.05
1	1	17	9	13634	0.05
1	1	18	9	12457	0.05
1	1	19	9	12609	0.05
1	1	20	9	3415	0.05
1	1	21	9	4730	0.05
1	1	22	9	7054	0.05
1	1	23	9	7569	0.05
1	1	24	9	7954	0.05
1	1	25	9	10880	0.05
1	1	26	9	10859	0.05
1	1	27	9	10856	0.05
1	1	28	9	7765	0.05
1	1	29	9	8574	0.05
1	1	30	9	6963	0.05
1	1	31	9	8335	0.05
1	1	32	9	7311	0.05
1	1	33	9	6730	0.05
1	1	34	9	5050	0.05
1	1	35	9	4140	0.05
1	1	36	9	3224	0.05
1	1	37	9	4443	0.05
1	1	38	9	3045	0.05
1	1	39	9	2738	0.05
1	1	40	9	4190	0.05
1	1	41	9	2952	0.05
1	1	42	9	3868	0.05
1	1	43	9	3106	0.05
1	1	44	9	2006	0.05
1	1	45	9	1165	0.05
1	1	46	9	890	0.05
1	1	47	9	941	0.05
1	1	48	9	1764	0.05
1	1	49	9	788	0.05
1	1	50	9	1232	0.05
1	1	51	9	1123	0.05
1	1	52	9	1169.6	0.05
1	1	53	9	1215.32	0.05
1	1	1	10	0.01	0.05
1	1	2	10	0.01	0.05
1	1	3	10	0.01	0.05
1	1	4	10	0.01	0.05
1	1	5	10	45	0.05
1	1	6	10	37	0.05
1	1	7	10	299	0.05
1	1	8	10	539	0.05
1	1	9	10	451	0.05
1	1	10	10	258	0.05
1	1	11	10	199	0.05
1	1	12	10	213	0.05
1	1	13	10	437	0.05
1	1	14	10	710	0.05
1	1	15	10	1197	0.05
1	1	16	10	1853	0.05
1	1	17	10	2236	0.05
1	1	18	10	3137	0.05
1	1	19	10	3889	0.05
1	1	20	10	4014	0.05
1	1	21	10	4390	0.05
1	1	22	10	4087	0.05
1	1	23	10	4701	0.05
1	1	24	10	4646	0.05
1	1	25	10	4935	0.05
1	1	26	10	5373	0.05
1	1	27	10	4979	0.05
1	1	28	10	5874	0.05
1	1	29	10	6008	0.05
1	1	30	10	7323	0.05
1	1	31	10	6535	0.05
1	1	32	10	6726	0.05
1	1	33	10	7954	0.05
1	1	34	10	11530	0.05
1	1	35	10	11335	0.05
1	1	36	10	13500	0.05
1	1	37	10	12789	0.05
1	1	38	10	11051	0.05
1	1	39	10	8205	0.05
1	1	40	10	9918	0.05
1	1	41	10	11743	0.05
1	1	42	10	16245	0.05
1	1	43	10	15457	0.05
1	1	44	10	16309	0.05
1	1	45	10	14062	0.05
1	1	46	10	11159	0.05
1	1	47	10	7187	0.05
1	1	48	10	5276	0.05
1	1	49	10	4393	0.05
1	1	50	10	3783	0.05
1	1	51	10	5159.75	0.05
1	1	52	10	4652.9375	0.05
1	1	53	10	4497.171875	0.05
# end catch observations
#  init_3darray obs_effort(1,Nareas,1,Nfleets,1,Nyrs)  
# fleet types benthic pelagic longline smallMesh gillnet
#  Observed effort. No assessment
  302211.9377 302211.9377 357465.5609 344059.4269 334086.4365 304218.8086 236545.5474 201588.2651 237477.9269 234481.0794 215128.8922 223337.3396 225812.4032 209896.8293 244203.787 237064.4294 243573.1316 235167.7761 276100.0949 264747.4119 257470.9005 268005.0889 426128.3724 406296.021 492253.5382 560890.0116 522739.6455 465338.4848 462104.8168 440422.755 503666.5016 433318.9375 390675.4669 370448.8665 306665.796 336675.0529 328785.1533 347796.914 382948.0869 357762.5656 305020.9811 299645.7826 266606.7436 230859.6138 220977.0569 199240.4679 173320.6179 192479.4026 135539.1464 138204.7542 113311.402 101971.2578 96659.17693
  1698.308959 1698.308959 5247.357908 7549.406171 3267.318238 970.4113541 66.35394398 694.7350311 261.2459591 805.6171506 303.2179139 190.6892446 687.5298395 4580.638999 2018.220134 18176.02529 4759.804065 2229.787757 22599.85671 10735.91329 4754.278717 4848.377107 8548.687103 13364.20027 9550.807685 13464.2352 8765.506917 13461.38446 6209.131417 4221.728317 3336.560481 1357.700833 26760.27704 2431.870458 1256.64827 1923.979756 762.5532221 2107.239239 411.868592 401.4490315 7165.213778 995.9096413 1612.925163 5398.956616 7176.846785 4868.615896 2744.505226 1644.499624 835.46675 968.5237047 3766.882469 3311.21866 7394.349477
  8931.634169 8931.634169 8863.203605 9362.3206 10934.91808 9066.356562 9017.000831 10376.46936 5998.988787 3602.670106 4847.038819 7801.529655 21780.43941 8001.61466 6407.875669 5672.114809 6071.17011 7991.040706 5008.809768 5993.652871 7638.880995 7196.66357 11236.95081 11745.04063 16575.47827 24216.63572 22353.36275 20801.37509 20139.84762 23014.63092 23256.73327 28495.36398 22234.59605 23140.51616 18275.16218 18326.47111 23596.4923 34055.66921 29557.75615 28631.61495 25494.54603 28744.50572 29214.84925 38273.67385 30036.6425 27052.99385 24041.41595 23549.00658 26860.97556 20532.01592 19831.84782 24819.06314 33189.78427
  1e-06 1e-06 1e-06 1e-06 1e-06 1e-06 1e-06 1e-06 1e-06 1e-06 1e-06 1e-06 1e-06 1e-06 1e-06 1e-06 1e-06 1e-06 1e-06 1e-06 1e-06 1e-06 1e-06 1e-06 1e-06 1e-06 1e-06 1e-06 1e-06 1e-06 1e-06 1e-06 1e-06 1e-06 1e-06 1e-06 1e-06 1e-06 1e-06 1e-06 1e-06 1e-06 1e-06 1e-06 1e-06 1e-06 1e-06 1e-06 1e-06 1e-06 1e-06 1e-06 1e-06
  1e-06 1e-06 1e-06 1e-06 1e-06 1e-06 1e-06 1e-06 1e-06 1e-06 1e-06 1e-06 1e-06 1e-06 1e-06 1e-06 1e-06 1e-06 1e-06 1e-06 1e-06 1e-06 1e-06 1e-06 1e-06 1e-06 1e-06 1e-06 1e-06 1e-06 1e-06 1e-06 1e-06 1e-06 1e-06 1e-06 1e-06 1e-06 1e-06 1e-06 1e-06 1e-06 1e-06 1e-06 1e-06 1e-06 1e-06 1e-06 1e-06 1e-06 1e-06 1e-06 1e-06
#  init_4darray area1_stomwt(1,Nareas,1,Nspecies,1,Nyrs,Nsizebins)   
#  read in mean stomach content weight time series from .dat file for intake calculation   
#  spinydog
  0.090189781 1.952671779 9.334322368 28.80493233 77.55885308
  0.090189781 1.952671779 9.334322368 28.80493233 77.55885308
  0.090189781 1.952671779 9.334322368 28.80493233 77.55885308
  0.090189781 1.952671779 9.334322368 28.80493233 77.55885308
  0.090189781 1.952671779 9.334322368 28.80493233 77.55885308
  0.090189781 1.952671779 9.334322368 28.80493233 77.55885308
  0.090189781 1.952671779 9.334322368 28.80493233 77.55885308
  0.090189781 1.952671779 9.334322368 28.80493233 77.55885308
  0.090189781 1.952671779 9.334322368 28.80493233 77.55885308
  0.090189781 1.952671779 9.334322368 28.80493233 77.55885308
  0.090189781 1.952671779 9.334322368 28.80493233 77.55885308
  0.090189781 1.952671779 9.334322368 28.80493233 77.55885308
  0.090189781 1.952671779 9.334322368 28.80493233 77.55885308
  0.090189781 1.952671779 9.334322368 28.80493233 77.55885308
  0.090189781 1.952671779 9.334322368 28.80493233 77.55885308
  0.090189781 1.952671779 9.334322368 28.80493233 77.55885308
  0.090189781 1.952671779 9.334322368 28.80493233 77.55885308
  0.090189781 1.952671779 9.334322368 28.80493233 77.55885308
  0.090189781 1.952671779 9.334322368 28.80493233 77.55885308
  0.090189781 1.952671779 9.334322368 28.80493233 77.55885308
  0.090189781 1.952671779 9.334322368 28.80493233 77.55885308
  0.090189781 1.952671779 9.334322368 28.80493233 77.55885308
  0.090189781 1.952671779 9.334322368 28.80493233 77.55885308
  0.090189781 1.952671779 9.334322368 28.80493233 77.55885308
  0.090189781 1.952671779 9.334322368 28.80493233 77.55885308
  0.090189781 1.952671779 9.334322368 28.80493233 77.55885308
  0.090189781 1.952671779 9.334322368 28.80493233 77.55885308
  0.090189781 1.952671779 9.334322368 28.80493233 77.55885308
  0.090189781 1.952671779 9.334322368 28.80493233 77.55885308
  0.090189781 1.952671779 9.334322368 28.80493233 77.55885308
  0.090189781 1.952671779 9.334322368 28.80493233 77.55885308
  0.090189781 1.952671779 9.334322368 28.80493233 77.55885308
  0.090189781 1.952671779 9.334322368 28.80493233 77.55885308
  0.090189781 1.952671779 9.334322368 28.80493233 77.55885308
  0.090189781 1.952671779 9.334322368 28.80493233 77.55885308
  0.090189781 1.952671779 9.334322368 28.80493233 77.55885308
  0.090189781 1.952671779 9.334322368 28.80493233 77.55885308
  0.090189781 1.952671779 9.334322368 28.80493233 77.55885308
  0.090189781 1.952671779 9.334322368 28.80493233 77.55885308
  0.090189781 1.952671779 9.334322368 28.80493233 77.55885308
  0.090189781 1.952671779 9.334322368 28.80493233 77.55885308
  0.090189781 1.952671779 9.334322368 28.80493233 77.55885308
  0.090189781 1.952671779 9.334322368 28.80493233 77.55885308
  0.090189781 1.952671779 9.334322368 28.80493233 77.55885308
  0.090189781 1.952671779 9.334322368 28.80493233 77.55885308
  0.090189781 1.952671779 9.334322368 28.80493233 77.55885308
  0.090189781 1.952671779 9.334322368 28.80493233 77.55885308
  0.090189781 1.952671779 9.334322368 28.80493233 77.55885308
  0.090189781 1.952671779 9.334322368 28.80493233 77.55885308
  0.090189781 1.952671779 9.334322368 28.80493233 77.55885308
  0.090189781 1.952671779 9.334322368 28.80493233 77.55885308
  0.090189781 1.952671779 9.334322368 28.80493233 77.55885308
  0.090189781 1.952671779 9.334322368 28.80493233 77.55885308
#  winterskate
  0.093423453 0.939220418 3.915192982 11.46903371 44.88111925
  0.093423453 0.939220418 3.915192982 11.46903371 44.88111925
  0.093423453 0.939220418 3.915192982 11.46903371 44.88111925
  0.093423453 0.939220418 3.915192982 11.46903371 44.88111925
  0.093423453 0.939220418 3.915192982 11.46903371 44.88111925
  0.093423453 0.939220418 3.915192982 11.46903371 44.88111925
  0.093423453 0.939220418 3.915192982 11.46903371 44.88111925
  0.093423453 0.939220418 3.915192982 11.46903371 44.88111925
  0.093423453 0.939220418 3.915192982 11.46903371 44.88111925
  0.093423453 0.939220418 3.915192982 11.46903371 44.88111925
  0.093423453 0.939220418 3.915192982 11.46903371 44.88111925
  0.093423453 0.939220418 3.915192982 11.46903371 44.88111925
  0.093423453 0.939220418 3.915192982 11.46903371 44.88111925
  0.093423453 0.939220418 3.915192982 11.46903371 44.88111925
  0.093423453 0.939220418 3.915192982 11.46903371 44.88111925
  0.093423453 0.939220418 3.915192982 11.46903371 44.88111925
  0.093423453 0.939220418 3.915192982 11.46903371 44.88111925
  0.093423453 0.939220418 3.915192982 11.46903371 44.88111925
  0.093423453 0.939220418 3.915192982 11.46903371 44.88111925
  0.093423453 0.939220418 3.915192982 11.46903371 44.88111925
  0.093423453 0.939220418 3.915192982 11.46903371 44.88111925
  0.093423453 0.939220418 3.915192982 11.46903371 44.88111925
  0.093423453 0.939220418 3.915192982 11.46903371 44.88111925
  0.093423453 0.939220418 3.915192982 11.46903371 44.88111925
  0.093423453 0.939220418 3.915192982 11.46903371 44.88111925
  0.093423453 0.939220418 3.915192982 11.46903371 44.88111925
  0.093423453 0.939220418 3.915192982 11.46903371 44.88111925
  0.093423453 0.939220418 3.915192982 11.46903371 44.88111925
  0.093423453 0.939220418 3.915192982 11.46903371 44.88111925
  0.093423453 0.939220418 3.915192982 11.46903371 44.88111925
  0.093423453 0.939220418 3.915192982 11.46903371 44.88111925
  0.093423453 0.939220418 3.915192982 11.46903371 44.88111925
  0.093423453 0.939220418 3.915192982 11.46903371 44.88111925
  0.093423453 0.939220418 3.915192982 11.46903371 44.88111925
  0.093423453 0.939220418 3.915192982 11.46903371 44.88111925
  0.093423453 0.939220418 3.915192982 11.46903371 44.88111925
  0.093423453 0.939220418 3.915192982 11.46903371 44.88111925
  0.093423453 0.939220418 3.915192982 11.46903371 44.88111925
  0.093423453 0.939220418 3.915192982 11.46903371 44.88111925
  0.093423453 0.939220418 3.915192982 11.46903371 44.88111925
  0.093423453 0.939220418 3.915192982 11.46903371 44.88111925
  0.093423453 0.939220418 3.915192982 11.46903371 44.88111925
  0.093423453 0.939220418 3.915192982 11.46903371 44.88111925
  0.093423453 0.939220418 3.915192982 11.46903371 44.88111925
  0.093423453 0.939220418 3.915192982 11.46903371 44.88111925
  0.093423453 0.939220418 3.915192982 11.46903371 44.88111925
  0.093423453 0.939220418 3.915192982 11.46903371 44.88111925
  0.093423453 0.939220418 3.915192982 11.46903371 44.88111925
  0.093423453 0.939220418 3.915192982 11.46903371 44.88111925
  0.093423453 0.939220418 3.915192982 11.46903371 44.88111925
  0.093423453 0.939220418 3.915192982 11.46903371 44.88111925
  0.093423453 0.939220418 3.915192982 11.46903371 44.88111925
  0.093423453 0.939220418 3.915192982 11.46903371 44.88111925
#  Aherring
  0.01 0.03 0.8 1.5 3
  0.01 0.03 0.8 1.5 3
  0.01 0.03 0.8 1.5 3
  0.01 0.03 0.8 1.5 3
  0.01 0.03 0.8 1.5 3
  0.01 0.03 0.8 1.5 3
  0.01 0.03 0.8 1.5 3
  0.01 0.03 0.8 1.5 3
  0.01 0.03 0.8 1.5 3
  0.01 0.03 0.8 1.5 3
  0.01 0.03 0.8 1.5 3
  0.01 0.03 0.8 1.5 3
  0.01 0.03 0.8 1.5 3
  0.01 0.03 0.8 1.5 3
  0.01 0.03 0.8 1.5 3
  0.01 0.03 0.8 1.5 3
  0.01 0.03 0.8 1.5 3
  0.01 0.03 0.8 1.5 3
  0.01 0.03 0.8 1.5 3
  0.01 0.03 0.8 1.5 3
  0.01 0.03 0.8 1.5 3
  0.01 0.03 0.8 1.5 3
  0.01 0.03 0.8 1.5 3
  0.01 0.03 0.8 1.5 3
  0.01 0.03 0.8 1.5 3
  0.01 0.03 0.8 1.5 3
  0.01 0.03 0.8 1.5 3
  0.01 0.03 0.8 1.5 3
  0.01 0.03 0.8 1.5 3
  0.01 0.03 0.8 1.5 3
  0.01 0.03 0.8 1.5 3
  0.01 0.03 0.8 1.5 3
  0.01 0.03 0.8 1.5 3
  0.01 0.03 0.8 1.5 3
  0.01 0.03 0.8 1.5 3
  0.01 0.03 0.8 1.5 3
  0.01 0.03 0.8 1.5 3
  0.01 0.03 0.8 1.5 3
  0.01 0.03 0.8 1.5 3
  0.01 0.03 0.8 1.5 3
  0.01 0.03 0.8 1.5 3
  0.01 0.03 0.8 1.5 3
  0.01 0.03 0.8 1.5 3
  0.01 0.03 0.8 1.5 3
  0.01 0.03 0.8 1.5 3
  0.01 0.03 0.8 1.5 3
  0.01 0.03 0.8 1.5 3
  0.01 0.03 0.8 1.5 3
  0.01 0.03 0.8 1.5 3
  0.01 0.03 0.8 1.5 3
  0.01 0.03 0.8 1.5 3
  0.01 0.03 0.8 1.5 3
  0.01 0.03 0.8 1.5 3
#  Acod
  0.035 0.103736364 1.952671779 18.42060702 84.48736889
  0.035 0.103736364 1.952671779 18.42060702 84.48736889
  0.035 0.103736364 1.952671779 18.42060702 84.48736889
  0.035 0.103736364 1.952671779 18.42060702 84.48736889
  0.035 0.103736364 1.952671779 18.42060702 84.48736889
  0.035 0.103736364 1.952671779 18.42060702 84.48736889
  0.035 0.103736364 1.952671779 18.42060702 84.48736889
  0.035 0.103736364 1.952671779 18.42060702 84.48736889
  0.035 0.103736364 1.952671779 18.42060702 84.48736889
  0.035 0.103736364 1.952671779 18.42060702 84.48736889
  0.035 0.103736364 1.952671779 18.42060702 84.48736889
  0.035 0.103736364 1.952671779 18.42060702 84.48736889
  0.035 0.103736364 1.952671779 18.42060702 84.48736889
  0.035 0.103736364 1.952671779 18.42060702 84.48736889
  0.035 0.103736364 1.952671779 18.42060702 84.48736889
  0.035 0.103736364 1.952671779 18.42060702 84.48736889
  0.035 0.103736364 1.952671779 18.42060702 84.48736889
  0.035 0.103736364 1.952671779 18.42060702 84.48736889
  0.035 0.103736364 1.952671779 18.42060702 84.48736889
  0.035 0.103736364 1.952671779 18.42060702 84.48736889
  0.035 0.103736364 1.952671779 18.42060702 84.48736889
  0.035 0.103736364 1.952671779 18.42060702 84.48736889
  0.035 0.103736364 1.952671779 18.42060702 84.48736889
  0.035 0.103736364 1.952671779 18.42060702 84.48736889
  0.035 0.103736364 1.952671779 18.42060702 84.48736889
  0.035 0.103736364 1.952671779 18.42060702 84.48736889
  0.035 0.103736364 1.952671779 18.42060702 84.48736889
  0.035 0.103736364 1.952671779 18.42060702 84.48736889
  0.035 0.103736364 1.952671779 18.42060702 84.48736889
  0.035 0.103736364 1.952671779 18.42060702 84.48736889
  0.035 0.103736364 1.952671779 18.42060702 84.48736889
  0.035 0.103736364 1.952671779 18.42060702 84.48736889
  0.035 0.103736364 1.952671779 18.42060702 84.48736889
  0.035 0.103736364 1.952671779 18.42060702 84.48736889
  0.035 0.103736364 1.952671779 18.42060702 84.48736889
  0.035 0.103736364 1.952671779 18.42060702 84.48736889
  0.035 0.103736364 1.952671779 18.42060702 84.48736889
  0.035 0.103736364 1.952671779 18.42060702 84.48736889
  0.035 0.103736364 1.952671779 18.42060702 84.48736889
  0.035 0.103736364 1.952671779 18.42060702 84.48736889
  0.035 0.103736364 1.952671779 18.42060702 84.48736889
  0.035 0.103736364 1.952671779 18.42060702 84.48736889
  0.035 0.103736364 1.952671779 18.42060702 84.48736889
  0.035 0.103736364 1.952671779 18.42060702 84.48736889
  0.035 0.103736364 1.952671779 18.42060702 84.48736889
  0.035 0.103736364 1.952671779 18.42060702 84.48736889
  0.035 0.103736364 1.952671779 18.42060702 84.48736889
  0.035 0.103736364 1.952671779 18.42060702 84.48736889
  0.035 0.103736364 1.952671779 18.42060702 84.48736889
  0.035 0.103736364 1.952671779 18.42060702 84.48736889
  0.035 0.103736364 1.952671779 18.42060702 84.48736889
  0.035 0.103736364 1.952671779 18.42060702 84.48736889
  0.035 0.103736364 1.952671779 18.42060702 84.48736889
#  haddock
  0.031 0.096183673 0.939220418 3.915192982 12.07313904
  0.031 0.096183673 0.939220418 3.915192982 12.07313904
  0.031 0.096183673 0.939220418 3.915192982 12.07313904
  0.031 0.096183673 0.939220418 3.915192982 12.07313904
  0.031 0.096183673 0.939220418 3.915192982 12.07313904
  0.031 0.096183673 0.939220418 3.915192982 12.07313904
  0.031 0.096183673 0.939220418 3.915192982 12.07313904
  0.031 0.096183673 0.939220418 3.915192982 12.07313904
  0.031 0.096183673 0.939220418 3.915192982 12.07313904
  0.031 0.096183673 0.939220418 3.915192982 12.07313904
  0.031 0.096183673 0.939220418 3.915192982 12.07313904
  0.031 0.096183673 0.939220418 3.915192982 12.07313904
  0.031 0.096183673 0.939220418 3.915192982 12.07313904
  0.031 0.096183673 0.939220418 3.915192982 12.07313904
  0.031 0.096183673 0.939220418 3.915192982 12.07313904
  0.031 0.096183673 0.939220418 3.915192982 12.07313904
  0.031 0.096183673 0.939220418 3.915192982 12.07313904
  0.031 0.096183673 0.939220418 3.915192982 12.07313904
  0.031 0.096183673 0.939220418 3.915192982 12.07313904
  0.031 0.096183673 0.939220418 3.915192982 12.07313904
  0.031 0.096183673 0.939220418 3.915192982 12.07313904
  0.031 0.096183673 0.939220418 3.915192982 12.07313904
  0.031 0.096183673 0.939220418 3.915192982 12.07313904
  0.031 0.096183673 0.939220418 3.915192982 12.07313904
  0.031 0.096183673 0.939220418 3.915192982 12.07313904
  0.031 0.096183673 0.939220418 3.915192982 12.07313904
  0.031 0.096183673 0.939220418 3.915192982 12.07313904
  0.031 0.096183673 0.939220418 3.915192982 12.07313904
  0.031 0.096183673 0.939220418 3.915192982 12.07313904
  0.031 0.096183673 0.939220418 3.915192982 12.07313904
  0.031 0.096183673 0.939220418 3.915192982 12.07313904
  0.031 0.096183673 0.939220418 3.915192982 12.07313904
  0.031 0.096183673 0.939220418 3.915192982 12.07313904
  0.031 0.096183673 0.939220418 3.915192982 12.07313904
  0.031 0.096183673 0.939220418 3.915192982 12.07313904
  0.031 0.096183673 0.939220418 3.915192982 12.07313904
  0.031 0.096183673 0.939220418 3.915192982 12.07313904
  0.031 0.096183673 0.939220418 3.915192982 12.07313904
  0.031 0.096183673 0.939220418 3.915192982 12.07313904
  0.031 0.096183673 0.939220418 3.915192982 12.07313904
  0.031 0.096183673 0.939220418 3.915192982 12.07313904
  0.031 0.096183673 0.939220418 3.915192982 12.07313904
  0.031 0.096183673 0.939220418 3.915192982 12.07313904
  0.031 0.096183673 0.939220418 3.915192982 12.07313904
  0.031 0.096183673 0.939220418 3.915192982 12.07313904
  0.031 0.096183673 0.939220418 3.915192982 12.07313904
  0.031 0.096183673 0.939220418 3.915192982 12.07313904
  0.031 0.096183673 0.939220418 3.915192982 12.07313904
  0.031 0.096183673 0.939220418 3.915192982 12.07313904
  0.031 0.096183673 0.939220418 3.915192982 12.07313904
  0.031 0.096183673 0.939220418 3.915192982 12.07313904
  0.031 0.096183673 0.939220418 3.915192982 12.07313904
  0.031 0.096183673 0.939220418 3.915192982 12.07313904
#  yellowtailfl
  0.016072464 0.086965517 0.237958824 0.442743017 1.583142857
  0.016072464 0.086965517 0.237958824 0.442743017 1.583142857
  0.016072464 0.086965517 0.237958824 0.442743017 1.583142857
  0.016072464 0.086965517 0.237958824 0.442743017 1.583142857
  0.016072464 0.086965517 0.237958824 0.442743017 1.583142857
  0.016072464 0.086965517 0.237958824 0.442743017 1.583142857
  0.016072464 0.086965517 0.237958824 0.442743017 1.583142857
  0.016072464 0.086965517 0.237958824 0.442743017 1.583142857
  0.016072464 0.086965517 0.237958824 0.442743017 1.583142857
  0.016072464 0.086965517 0.237958824 0.442743017 1.583142857
  0.016072464 0.086965517 0.237958824 0.442743017 1.583142857
  0.016072464 0.086965517 0.237958824 0.442743017 1.583142857
  0.016072464 0.086965517 0.237958824 0.442743017 1.583142857
  0.016072464 0.086965517 0.237958824 0.442743017 1.583142857
  0.016072464 0.086965517 0.237958824 0.442743017 1.583142857
  0.016072464 0.086965517 0.237958824 0.442743017 1.583142857
  0.016072464 0.086965517 0.237958824 0.442743017 1.583142857
  0.016072464 0.086965517 0.237958824 0.442743017 1.583142857
  0.016072464 0.086965517 0.237958824 0.442743017 1.583142857
  0.016072464 0.086965517 0.237958824 0.442743017 1.583142857
  0.016072464 0.086965517 0.237958824 0.442743017 1.583142857
  0.016072464 0.086965517 0.237958824 0.442743017 1.583142857
  0.016072464 0.086965517 0.237958824 0.442743017 1.583142857
  0.016072464 0.086965517 0.237958824 0.442743017 1.583142857
  0.016072464 0.086965517 0.237958824 0.442743017 1.583142857
  0.016072464 0.086965517 0.237958824 0.442743017 1.583142857
  0.016072464 0.086965517 0.237958824 0.442743017 1.583142857
  0.016072464 0.086965517 0.237958824 0.442743017 1.583142857
  0.016072464 0.086965517 0.237958824 0.442743017 1.583142857
  0.016072464 0.086965517 0.237958824 0.442743017 1.583142857
  0.016072464 0.086965517 0.237958824 0.442743017 1.583142857
  0.016072464 0.086965517 0.237958824 0.442743017 1.583142857
  0.016072464 0.086965517 0.237958824 0.442743017 1.583142857
  0.016072464 0.086965517 0.237958824 0.442743017 1.583142857
  0.016072464 0.086965517 0.237958824 0.442743017 1.583142857
  0.016072464 0.086965517 0.237958824 0.442743017 1.583142857
  0.016072464 0.086965517 0.237958824 0.442743017 1.583142857
  0.016072464 0.086965517 0.237958824 0.442743017 1.583142857
  0.016072464 0.086965517 0.237958824 0.442743017 1.583142857
  0.016072464 0.086965517 0.237958824 0.442743017 1.583142857
  0.016072464 0.086965517 0.237958824 0.442743017 1.583142857
  0.016072464 0.086965517 0.237958824 0.442743017 1.583142857
  0.016072464 0.086965517 0.237958824 0.442743017 1.583142857
  0.016072464 0.086965517 0.237958824 0.442743017 1.583142857
  0.016072464 0.086965517 0.237958824 0.442743017 1.583142857
  0.016072464 0.086965517 0.237958824 0.442743017 1.583142857
  0.016072464 0.086965517 0.237958824 0.442743017 1.583142857
  0.016072464 0.086965517 0.237958824 0.442743017 1.583142857
  0.016072464 0.086965517 0.237958824 0.442743017 1.583142857
  0.016072464 0.086965517 0.237958824 0.442743017 1.583142857
  0.016072464 0.086965517 0.237958824 0.442743017 1.583142857
  0.016072464 0.086965517 0.237958824 0.442743017 1.583142857
  0.016072464 0.086965517 0.237958824 0.442743017 1.583142857
#  winterfl
  0.016072464 0.086965517 0.237958824 0.442743017 1.583142857
  0.016072464 0.086965517 0.237958824 0.442743017 1.583142857
  0.016072464 0.086965517 0.237958824 0.442743017 1.583142857
  0.016072464 0.086965517 0.237958824 0.442743017 1.583142857
  0.016072464 0.086965517 0.237958824 0.442743017 1.583142857
  0.016072464 0.086965517 0.237958824 0.442743017 1.583142857
  0.016072464 0.086965517 0.237958824 0.442743017 1.583142857
  0.016072464 0.086965517 0.237958824 0.442743017 1.583142857
  0.016072464 0.086965517 0.237958824 0.442743017 1.583142857
  0.016072464 0.086965517 0.237958824 0.442743017 1.583142857
  0.016072464 0.086965517 0.237958824 0.442743017 1.583142857
  0.016072464 0.086965517 0.237958824 0.442743017 1.583142857
  0.016072464 0.086965517 0.237958824 0.442743017 1.583142857
  0.016072464 0.086965517 0.237958824 0.442743017 1.583142857
  0.016072464 0.086965517 0.237958824 0.442743017 1.583142857
  0.016072464 0.086965517 0.237958824 0.442743017 1.583142857
  0.016072464 0.086965517 0.237958824 0.442743017 1.583142857
  0.016072464 0.086965517 0.237958824 0.442743017 1.583142857
  0.016072464 0.086965517 0.237958824 0.442743017 1.583142857
  0.016072464 0.086965517 0.237958824 0.442743017 1.583142857
  0.016072464 0.086965517 0.237958824 0.442743017 1.583142857
  0.016072464 0.086965517 0.237958824 0.442743017 1.583142857
  0.016072464 0.086965517 0.237958824 0.442743017 1.583142857
  0.016072464 0.086965517 0.237958824 0.442743017 1.583142857
  0.016072464 0.086965517 0.237958824 0.442743017 1.583142857
  0.016072464 0.086965517 0.237958824 0.442743017 1.583142857
  0.016072464 0.086965517 0.237958824 0.442743017 1.583142857
  0.016072464 0.086965517 0.237958824 0.442743017 1.583142857
  0.016072464 0.086965517 0.237958824 0.442743017 1.583142857
  0.016072464 0.086965517 0.237958824 0.442743017 1.583142857
  0.016072464 0.086965517 0.237958824 0.442743017 1.583142857
  0.016072464 0.086965517 0.237958824 0.442743017 1.583142857
  0.016072464 0.086965517 0.237958824 0.442743017 1.583142857
  0.016072464 0.086965517 0.237958824 0.442743017 1.583142857
  0.016072464 0.086965517 0.237958824 0.442743017 1.583142857
  0.016072464 0.086965517 0.237958824 0.442743017 1.583142857
  0.016072464 0.086965517 0.237958824 0.442743017 1.583142857
  0.016072464 0.086965517 0.237958824 0.442743017 1.583142857
  0.016072464 0.086965517 0.237958824 0.442743017 1.583142857
  0.016072464 0.086965517 0.237958824 0.442743017 1.583142857
  0.016072464 0.086965517 0.237958824 0.442743017 1.583142857
  0.016072464 0.086965517 0.237958824 0.442743017 1.583142857
  0.016072464 0.086965517 0.237958824 0.442743017 1.583142857
  0.016072464 0.086965517 0.237958824 0.442743017 1.583142857
  0.016072464 0.086965517 0.237958824 0.442743017 1.583142857
  0.016072464 0.086965517 0.237958824 0.442743017 1.583142857
  0.016072464 0.086965517 0.237958824 0.442743017 1.583142857
  0.016072464 0.086965517 0.237958824 0.442743017 1.583142857
  0.016072464 0.086965517 0.237958824 0.442743017 1.583142857
  0.016072464 0.086965517 0.237958824 0.442743017 1.583142857
  0.016072464 0.086965517 0.237958824 0.442743017 1.583142857
  0.016072464 0.086965517 0.237958824 0.442743017 1.583142857
  0.016072464 0.086965517 0.237958824 0.442743017 1.583142857
#  Amackerel
  0.01 0.08 1.3 2 3
  0.01 0.08 1.3 2 3
  0.01 0.08 1.3 2 3
  0.01 0.08 1.3 2 3
  0.01 0.08 1.3 2 3
  0.01 0.08 1.3 2 3
  0.01 0.08 1.3 2 3
  0.01 0.08 1.3 2 3
  0.01 0.08 1.3 2 3
  0.01 0.08 1.3 2 3
  0.01 0.08 1.3 2 3
  0.01 0.08 1.3 2 3
  0.01 0.08 1.3 2 3
  0.01 0.08 1.3 2 3
  0.01 0.08 1.3 2 3
  0.01 0.08 1.3 2 3
  0.01 0.08 1.3 2 3
  0.01 0.08 1.3 2 3
  0.01 0.08 1.3 2 3
  0.01 0.08 1.3 2 3
  0.01 0.08 1.3 2 3
  0.01 0.08 1.3 2 3
  0.01 0.08 1.3 2 3
  0.01 0.08 1.3 2 3
  0.01 0.08 1.3 2 3
  0.01 0.08 1.3 2 3
  0.01 0.08 1.3 2 3
  0.01 0.08 1.3 2 3
  0.01 0.08 1.3 2 3
  0.01 0.08 1.3 2 3
  0.01 0.08 1.3 2 3
  0.01 0.08 1.3 2 3
  0.01 0.08 1.3 2 3
  0.01 0.08 1.3 2 3
  0.01 0.08 1.3 2 3
  0.01 0.08 1.3 2 3
  0.01 0.08 1.3 2 3
  0.01 0.08 1.3 2 3
  0.01 0.08 1.3 2 3
  0.01 0.08 1.3 2 3
  0.01 0.08 1.3 2 3
  0.01 0.08 1.3 2 3
  0.01 0.08 1.3 2 3
  0.01 0.08 1.3 2 3
  0.01 0.08 1.3 2 3
  0.01 0.08 1.3 2 3
  0.01 0.08 1.3 2 3
  0.01 0.08 1.3 2 3
  0.01 0.08 1.3 2 3
  0.01 0.08 1.3 2 3
  0.01 0.08 1.3 2 3
  0.01 0.08 1.3 2 3
  0.01 0.08 1.3 2 3
#  silverhake
  0.039893347 0.179748344 0.512104803 4.879748476 20.262
  0.039893347 0.179748344 0.512104803 4.879748476 20.262
  0.039893347 0.179748344 0.512104803 4.879748476 20.262
  0.039893347 0.179748344 0.512104803 4.879748476 20.262
  0.039893347 0.179748344 0.512104803 4.879748476 20.262
  0.039893347 0.179748344 0.512104803 4.879748476 20.262
  0.039893347 0.179748344 0.512104803 4.879748476 20.262
  0.039893347 0.179748344 0.512104803 4.879748476 20.262
  0.039893347 0.179748344 0.512104803 4.879748476 20.262
  0.039893347 0.179748344 0.512104803 4.879748476 20.262
  0.039893347 0.179748344 0.512104803 4.879748476 20.262
  0.039893347 0.179748344 0.512104803 4.879748476 20.262
  0.039893347 0.179748344 0.512104803 4.879748476 20.262
  0.039893347 0.179748344 0.512104803 4.879748476 20.262
  0.039893347 0.179748344 0.512104803 4.879748476 20.262
  0.039893347 0.179748344 0.512104803 4.879748476 20.262
  0.039893347 0.179748344 0.512104803 4.879748476 20.262
  0.039893347 0.179748344 0.512104803 4.879748476 20.262
  0.039893347 0.179748344 0.512104803 4.879748476 20.262
  0.039893347 0.179748344 0.512104803 4.879748476 20.262
  0.039893347 0.179748344 0.512104803 4.879748476 20.262
  0.039893347 0.179748344 0.512104803 4.879748476 20.262
  0.039893347 0.179748344 0.512104803 4.879748476 20.262
  0.039893347 0.179748344 0.512104803 4.879748476 20.262
  0.039893347 0.179748344 0.512104803 4.879748476 20.262
  0.039893347 0.179748344 0.512104803 4.879748476 20.262
  0.039893347 0.179748344 0.512104803 4.879748476 20.262
  0.039893347 0.179748344 0.512104803 4.879748476 20.262
  0.039893347 0.179748344 0.512104803 4.879748476 20.262
  0.039893347 0.179748344 0.512104803 4.879748476 20.262
  0.039893347 0.179748344 0.512104803 4.879748476 20.262
  0.039893347 0.179748344 0.512104803 4.879748476 20.262
  0.039893347 0.179748344 0.512104803 4.879748476 20.262
  0.039893347 0.179748344 0.512104803 4.879748476 20.262
  0.039893347 0.179748344 0.512104803 4.879748476 20.262
  0.039893347 0.179748344 0.512104803 4.879748476 20.262
  0.039893347 0.179748344 0.512104803 4.879748476 20.262
  0.039893347 0.179748344 0.512104803 4.879748476 20.262
  0.039893347 0.179748344 0.512104803 4.879748476 20.262
  0.039893347 0.179748344 0.512104803 4.879748476 20.262
  0.039893347 0.179748344 0.512104803 4.879748476 20.262
  0.039893347 0.179748344 0.512104803 4.879748476 20.262
  0.039893347 0.179748344 0.512104803 4.879748476 20.262
  0.039893347 0.179748344 0.512104803 4.879748476 20.262
  0.039893347 0.179748344 0.512104803 4.879748476 20.262
  0.039893347 0.179748344 0.512104803 4.879748476 20.262
  0.039893347 0.179748344 0.512104803 4.879748476 20.262
  0.039893347 0.179748344 0.512104803 4.879748476 20.262
  0.039893347 0.179748344 0.512104803 4.879748476 20.262
  0.039893347 0.179748344 0.512104803 4.879748476 20.262
  0.039893347 0.179748344 0.512104803 4.879748476 20.262
  0.039893347 0.179748344 0.512104803 4.879748476 20.262
  0.039893347 0.179748344 0.512104803 4.879748476 20.262
#  goosefish
  0.090189781 1.952671779 9.334322368 28.80493233 77.55885308
  0.090189781 1.952671779 9.334322368 28.80493233 77.55885308
  0.090189781 1.952671779 9.334322368 28.80493233 77.55885308
  0.090189781 1.952671779 9.334322368 28.80493233 77.55885308
  0.090189781 1.952671779 9.334322368 28.80493233 77.55885308
  0.090189781 1.952671779 9.334322368 28.80493233 77.55885308
  0.090189781 1.952671779 9.334322368 28.80493233 77.55885308
  0.090189781 1.952671779 9.334322368 28.80493233 77.55885308
  0.090189781 1.952671779 9.334322368 28.80493233 77.55885308
  0.090189781 1.952671779 9.334322368 28.80493233 77.55885308
  0.090189781 1.952671779 9.334322368 28.80493233 77.55885308
  0.090189781 1.952671779 9.334322368 28.80493233 77.55885308
  0.090189781 1.952671779 9.334322368 28.80493233 77.55885308
  0.090189781 1.952671779 9.334322368 28.80493233 77.55885308
  0.090189781 1.952671779 9.334322368 28.80493233 77.55885308
  0.090189781 1.952671779 9.334322368 28.80493233 77.55885308
  0.090189781 1.952671779 9.334322368 28.80493233 77.55885308
  0.090189781 1.952671779 9.334322368 28.80493233 77.55885308
  0.090189781 1.952671779 9.334322368 28.80493233 77.55885308
  0.090189781 1.952671779 9.334322368 28.80493233 77.55885308
  0.090189781 1.952671779 9.334322368 28.80493233 77.55885308
  0.090189781 1.952671779 9.334322368 28.80493233 77.55885308
  0.090189781 1.952671779 9.334322368 28.80493233 77.55885308
  0.090189781 1.952671779 9.334322368 28.80493233 77.55885308
  0.090189781 1.952671779 9.334322368 28.80493233 77.55885308
  0.090189781 1.952671779 9.334322368 28.80493233 77.55885308
  0.090189781 1.952671779 9.334322368 28.80493233 77.55885308
  0.090189781 1.952671779 9.334322368 28.80493233 77.55885308
  0.090189781 1.952671779 9.334322368 28.80493233 77.55885308
  0.090189781 1.952671779 9.334322368 28.80493233 77.55885308
  0.090189781 1.952671779 9.334322368 28.80493233 77.55885308
  0.090189781 1.952671779 9.334322368 28.80493233 77.55885308
  0.090189781 1.952671779 9.334322368 28.80493233 77.55885308
  0.090189781 1.952671779 9.334322368 28.80493233 77.55885308
  0.090189781 1.952671779 9.334322368 28.80493233 77.55885308
  0.090189781 1.952671779 9.334322368 28.80493233 77.55885308
  0.090189781 1.952671779 9.334322368 28.80493233 77.55885308
  0.090189781 1.952671779 9.334322368 28.80493233 77.55885308
  0.090189781 1.952671779 9.334322368 28.80493233 77.55885308
  0.090189781 1.952671779 9.334322368 28.80493233 77.55885308
  0.090189781 1.952671779 9.334322368 28.80493233 77.55885308
  0.090189781 1.952671779 9.334322368 28.80493233 77.55885308
  0.090189781 1.952671779 9.334322368 28.80493233 77.55885308
  0.090189781 1.952671779 9.334322368 28.80493233 77.55885308
  0.090189781 1.952671779 9.334322368 28.80493233 77.55885308
  0.090189781 1.952671779 9.334322368 28.80493233 77.55885308
  0.090189781 1.952671779 9.334322368 28.80493233 77.55885308
  0.090189781 1.952671779 9.334322368 28.80493233 77.55885308
  0.090189781 1.952671779 9.334322368 28.80493233 77.55885308
  0.090189781 1.952671779 9.334322368 28.80493233 77.55885308
  0.090189781 1.952671779 9.334322368 28.80493233 77.55885308
  0.090189781 1.952671779 9.334322368 28.80493233 77.55885308
  0.090189781 1.952671779 9.334322368 28.80493233 77.55885308
#   init_matrix obs_temp(1,Nareas,1,Nyrs)      
#  Either observed temperature  or manufactured temperature for simulation runs
#1977 to 1997 Georges Bank bottom temp from 2011 ESR (1964-1976 set to 8.0) and 1998 to 2010 Georges Bank bottom temp from 2011 ESR
  8 8 8 8 8 8 8 8 8 8 8 8 8 8 8 9.1611 8.0724 8.9277 8.5853 8.7196 8.4143 9.2862 9.1195 9.6151 9.0835 8.1635 8.4771 8.2231 8.8848 8.7333 8.1252 8.4243 9.3494 9.5417 8.2806 8.7779 9.014 9.8138 9.2278 9.21 9.9467 8.6597 7.9774 8.3691 9.162 8.3644 8.8738 8.9778 9.2916 9.2916 9.2916 9.2916 9.2916
#  init_int yr1Nphase            //year 1 N at size estimation phase
  0
#  init_int recphase				//recruitment parameter estimation phas
  0
#  init_int avg_rec_phase		//average recruitment estimation phase (could make species specific, currently global)
  0
#  init_int avg_F_phase			//average fishing mort estimation phase (could make species specific, currently global)
  0
#  init_int dev_rec_phase		//recruitment deviation estimation phase (could make species specific, currently global)
  0
#  init_int dev_F_phase			//fishing mort deviation estimation phase (could make species specific, currently global)
  0
#  init_int fqphase              //fishery q estimation phase
  0
#  init_int sqphase              //survey q estimation phase 
  0
#   init_int ssig_phase           //survey sigma (obs error) phase
  0
#  init_int csig_phase           //catch sigma (obs error) phase
  0
#  init_matrix recGamma_alpha(1,Nareas,1,Nspecies)			//eggprod gamma Ricker model alpha
  30 10 0.5 0.01 0.02 0.005 0.03 0.02 1 1
#  init_matrix recGamma_shape(1,Nareas,1,Nspecies)			//eggprod gamma Ricker model shape parameter
  0.8 0.7 0.5 0.5 0.5 0.5 0.4 0.5 0.5 0.5
#  init_matrix recGamma_beta(1,Nareas,1,Nspecies)			//eggprod gamma Ricker model beta
  0.00267 0.000233 5e-11 6.25e-14 5.56e-12 2.94e-13 1.14e-12 1.43e-11 5.56e-12 0.000625
#  init_matrix recDS_alpha(1,Nareas,1,Nspecies)		//SSB Deriso-Schnute model alpha
  5 5 5 5 5 5 5 5 5 5
#  init_matrix recDS_shape(1,Nareas,1,Nspecies)		//SSB Deriso-Schnute model shape parameter
  -1 -1 -1 -1 -1 -1 -1 -1 -1 -1
#  init_matrix recDS_beta(1,Nareas,1,Nspecies)			//SSB Deriso-Schnute model beta
  0.5 0.5 0.5 0.5 0.5 0.5 0.5 0.5 0.5 0.5
#  init_matrix recGamSSB_alpha(1,Nareas,1,Nspecies)		//SSB gamma alpha
  0.438 4.61e+10 141 0.00066 0.0883 6.57e-07 3.88e-12 1.73 0.767 0
#  init_matrix recGamSSB_shape(1,Nareas,1,Nspecies)		//SSB gamma shape parameter
  0.506 -1.49 0.419 0.997 0.685 1.71 2.96 0.54 0.665 0
#  init_matrix recGamSSB_beta(1,Nareas,1,Nspecies)			//SSB gamma model beta
  -9.8e-06 -1.83e-06 4.21e-07 4.11e-07 -1.49e-08 1.87e-06 1.89e-05 -4.8e-08 6.73e-06 0
#  init_matrix recRicker_alpha(1,Nareas,1,Nspecies)		//SSB Ricker model alpha
  0.00433 0.000657 0.144 0.000636 0.00168 0.00304 0.00628 0.00721 0.0323 0.00479
#  init_matrix recRicker_shape(1,Nareas,1,Nspecies)		//SSB Ricker model shape parameter=1.0, not used
  1 1 1 1 1 1 1 1 1 1
#  init_matrix recRicker_beta(1,Nareas,1,Nspecies)			//SSB Ricker model beta
  3.18e-06 4.8e-07 1.19e-06 4.24e-07 1.01e-07 2.97e-07 5.15e-06 8.39e-07 1.57e-05 1.91e-05
#  init_matrix recBH_alpha(1,Nareas,1,Nspecies)		//SSB Beverton Holt model alpha
  0.00421 0.00145 0.519 0.000582 0.000471 0.00249 0.005 0.00783 0.0431 -0.0455
#  init_matrix recBH_shape(1,Nareas,1,Nspecies)		//SSB Beverton Holt model shape parameter=1.0, not used
  1 1 1 1 1 1 1 1 1 1
#  init_matrix recBH_beta(1,Nareas,1,Nspecies)			//SSB Beverton Holt model beta
  2.02e-05 2.86e-06 2.36e-05 7.99e-07 4.53e-08 2.29e-07 5.93e-06 3.23e-06 4.27e-05 -0.000562
#  init_matrix recShepherd_alpha //SSB S-R Shepherd 3 param
  0.000679278593643755 0.00238040478827991 0.0324947957740724 0.000635431858325005 0.0156398853828967 0.140680357211232 7.80488000825912 12.0397563869223 0.0640580586735159 4.36007075550705
#  init_matrix recShepherd_shape //SSB S-R Shepherd 3 param
  2 2 1 2 1 1 1 1 2 2
#  init_matrix recShepherd_beta //SSB S-R Shepherd 3 param
  230602.516354506 219518.204035202 325757.548180872 203654.690435448 11802.5550559253 276.575925532932 1.98036775243744 27.2210491198965 23385.8955613239 142.732519469773
#  init_matrix recSHockey_alpha //SSB S-R Hockey 2 param
  0.000576796226389063 0.000366601125761476 0.0294117463332349 0.00077946522279607 0.00271650056915626 0.0248646978418339 0.00420975568613284 0.000822971615876735 0.105195171197821 0.000704601959031334
#  init_matrix recHpockey_shape //SSB S-R Hockey. S* breakpoint
  77045.6785794091 182622.594607581 134763.499981566 53552.9882021775 13760.8475131979 1042.06411097098 3231.95057578212 275704.01102284 6034.22428586082 9930.75389960946
#  init_matrix recHockey_beta //SSB S-R Hockey 2 param. This is not used
  -0.000576796226389063 -0.000366601125761476 -0.0294117463332349 -0.00077946522279607 -0.00271650056915626 -0.0248646978418339 -0.00420975568613284 -0.000822971615876735 -0.105195171197821 -0.000704601959031334
#  init_matrix recSegmented_alpha //SSB S-R Segmented 3 param
  0.000232292156141445 0.00046834228083232 0.0249212115442954 0.000318976093164312 0.000785481193694654 0.00503031272648454 0.00636032557911675 0.00109261021591247 0.0897841488637133 0.000591892300930652
#  init_matrix recSegmented_shape //SSB S-R Segmented 3 param. Breakpoint
  199918.976048948 144801.491933376 172892.060747194 96711.2133513694 166637.418503087 11697.205163847 2216.79532354348 266242.211324248 9115.63244022438 14277.3431698854
#  init_matrix recSegmented_beta //SSB S-R Segmented 3 param
  -0.000273322986219648 -0.000590427054020243 -0.0294345719166398 -0.000462523592067519 -0.00213335599457685 -0.0205453583826828 -0.00646494132716261 -0.00157818932060981 -0.114272009481592 -0.0011133532839706
#  init_ivector rectype(1,Nspecies)  //switch for alternate recruitment functions 1=gamma/Ricker, 2=Deriso-Schnute, 9=avg+devs
# 3=SSB gamma, 4=SSB Ricker, 5=SSB Beverton Holt added April 2014,6=Shepherd (added Beet Mar 2017)
  8 8 7 8 7 7 7 7 8 8
#   init_ivector stochrec(1,Nspecies)  //switch for stochastic recruitment. 1 = add error, 0= no error
  1 1 1 1 1 1 1 1 1 1
#  init_matrix sexratio(1,Nareas,1,Nspecies)  // this is proportion females
  0.5 0.5 0.5 0.5 0.5 0.5 0.5 0.5 0.5 0.5
 #  init_matrix recruitment_covwt(1,Nspecies,1,Nrecruitment_cov)	//recruitment covariate weighting factor
  0
  0
  0
  0
  0
  0
  0
  0
  0
  0
#//fecundity parameters from .dat file and calculate fecundity at length
#  init_matrix fecund_d(1,Nareas,1,Nspecies)
  0.4 12 0.00316 0.43326 0.1403 0.000484 0.000484 1.098 0.5 0.3
#  init_matrix fecund_h(1,Nareas,1,Nspecies)
  0.5 0.005 5 4.047 3.587 5.701 5.701 3.5 3.5 3.3
#  init_3darray fecund_theta(1,Nareas,1,Nspecies,1,Nsizebins))
  0.0 0.0 0.0 1.0 3.0
  0.0 0.0 0.0 2.0 3.0
  0.0 0.0 0.0 1.0 1.0
  0.0 0.5 1.0 1.2 1.4
  0.0 0.5 1.0 1.2 1.4
  0.0 1.0 1.0 1.2 1.4
  0.0 1.0 1.0 1.5 3.0
  0.0 1.0 1.0 1.0 1.8
  0.0 0.0 1.0 1.5 1.5
  0.0 0.5 1.0 1.2 1.4
#  init_matrix maturity_nu(1,Nareas,1,Nspecies)
  -5 -5 -34.4725 -5.31 -5.658 -11.6405 -9.2895 -16.7885 -13.166 -10.668
#  init_matrix maturity_omega(1,Nareas,1,Nspecies)
  0.1 0.1 1.36 0.133 0.1995 0.484 0.3685 0.6495 0.5825 0.2885
#  init_matrix maturity_covwt(1,Nspecies,1,Nmaturity_cov) //maturity covariate weighting factor
  0
  0
  0
  0
  0
  0
  0
  0
  0
  0
#//growth parameters from .dat file and calculate simple (no cov) prob of growing through length interval
#  init_matrix growth_psi(1,Nareas,1,Nspecies)
  11.28075301 18.77845121 11.65211497 22.31730855 23.06032547 16.00105119 17.76925648 20.48292586 13.77993268 9.180847155
#  init_matrix growth_kappa(1,Nareas,1,Nspecies)
  0.688187 0.59567 0.456436561 0.734859369 0.502070649 0.618898136 0.552886341 0.26327238 0.648621251 0.955590716
#  init_matrix growth_covwt(1,Nspecies,1,Ngrowth_cov)// growth covariate weighting factor
  0
  0
  0
  0
  0
  0
  0
  0
  0
  0
#  init_matrix vonB_Linf(1,Nareas,1,Nspecies)    //alternate parameterization, vonB growth
  99.99 114.1 29.05066434 113.5946212 73.8 44.70963156 56.29613167 43.2563036 41.22438991 84.5
#  init_matrix vonB_k(1,Nareas,1,Nspecies)       //alternate parameterization, vonB growth
  0.1 0.14405 0.45225377 0.197508768 0.376 0.477577158 0.291557309 0.205956533 0.403649534 0.34
#  init_vector growthtype                           //switch for alternate growth types,
#1 power, 2 power/covariates, 3 vonB, 4 vonB covariates
  4 4 4 4 2 4 4 4 4 2
#  init_number phimax
  1
#  init_matrix intake_alpha(1,Nareas,1,Nspecies)
  0.002 0.002 0.004 0.004 0.004 0.004 0.004 0.004 0.004 0.004
#  init_matrix intake_beta(1,Nareas,1,Nspecies)
  0.11 0.11 0.11 0.11 0.11 0.11 0.11 0.11 0.11 0.11
 # M1 - natural mortality (not explained by model)
#  init_3darray M1(1,Nareas,1,Nspecies,1,Nsizebins)
  0.02 0.02 0.02 0.02 0.02
  0.02 0.02 0.02 0.02 0.02
  0.02 0.02 0.02 0.02 0.02
  0.02 0.02 0.02 0.02 0.02
  0.02 0.02 0.02 0.02 0.02
  0.02 0.02 0.02 0.02 0.02
  0.02 0.02 0.02 0.02 0.02
  0.02 0.02 0.02 0.02 0.02
  0.02 0.02 0.02 0.02 0.02
  0.02 0.02 0.02 0.02 0.02
#  init_3darray isprey(1,Nareas,1,Nspecies,1,Nspecies)     //preds in columns, prey in rows
  1 0 0 0 0 0 0 0 0 1
  1 0 0 0 0 0 0 0 0 0
  1 1 0 1 1 0 0 0 1 1
  1 1 0 1 1 0 0 0 0 1
  1 1 0 0 1 0 0 0 0 1
  1 0 0 0 0 0 0 0 0 1
  1 0 0 0 0 0 0 0 0 1
  1 1 0 1 0 0 0 0 1 1
  1 1 0 1 1 0 0 0 1 1
  0 0 0 0 0 0 0 0 0 1
#  init_matrix preferred_wtratio(1,Nareas,1,Nspecies)     //pred sizebins
  0.5 0.5 0.5 0.5 0.5 0.5 0.5 0.5 0.5 0.5
#  init_vector sd_sizepref(1,Nspecies)              //pred sizebins
  2 2 2 2 2 2 2 2 2 2
#  //fishery selectivity pars from dat file, for now not area specific
#  init_matrix fishsel_c(1,Nspecies,1,Nfleets)  //fishery selectivity c par
  #benthic trawl and pelagic trawl and longline
   -12.903  -12.060  -12.060    0.000    0.000
   -10.000  -10.000  -10.000    0.000    0.000
    -4.000   -4.000 -200.000    0.000    0.000
   -12.903  -12.060  -12.060    0.000    0.000
   -11.677  -10.000  -10.000    0.000    0.000
   -15.442 -200.000 -200.000    0.000    0.000
   -13.894 -200.000 -200.000    0.000    0.000
    -5.000   -5.000 -200.000    0.000    0.000
    -8.000   -8.000   -8.000    0.000    0.000
   -12.000  -12.000  -12.000    0.000    0.000
#  init_matrix fishsel_d(1,Nspecies,1,Nfleets)  //fishery selectivity d par
  #benthic trawl and pelagic trawl and longline
  0.25 0.22 0.22 0.00 0.00
  0.25 0.25 0.25 0.00 0.00
  0.25 0.25 1.00 0.00 0.00
  0.25 0.22 0.22 0.00 0.00
  0.25 0.25 0.25 0.00 0.00
  0.48 1.00 1.00 0.00 0.00
  0.57 1.00 1.00 0.00 0.00
  0.25 0.25 1.00 0.00 0.00
  0.15 0.25 0.25 0.15 0.00
  0.25 0.25 0.25 0.00 0.00
# Following content added after ICES publication by Gaichas et al. 2014
# Made by Andy Beet from Dec 2016 onward
# Equilibrium Biomass. B0(1,Nspecies). Tthese values are obtained by running hydra_sim without any error and zero fishing effort
  121616.55 656536.65 613950.1 257314.85 327779.05 183035.8 98749.45 179287.55 45521.86 44091.065
#number of Guilds numGuilds.
  4
#Guild Membership guildMembership. 
  4 4 2 1 3 3 3 2 1 1
#Fleet Membership fleetMembers(1,Nfleets) 
  1 2 1 3
# AssessmentPeriod. Time period (yrs) to assess guild biomass level
  3
# init_int flagLinearRamp. // 0 = step function, 1 = linear function
  1
#init_vector minExploitation(1,Nfleets) minimum Exploitation rates imposed by each fleet
  1e-05 1e-05 1e-05 1e-05 1e-05
#init_vector maxExploitation(1,Nfleets) maximum Exploitation rates imposed by each fleet
  1e-05 1e-05 1e-05 1e-05 1e-05
# init_vector minMaxExploitation(1,2) - [MinExploitation, MaxExploitation
  0.05 0.05
# init_vector minMaxThreshold(1,2) - [MinThreshold, MaxThreshold
  0.1 0.4
# Nthresholds. number of thresholds used for change in exploitation/fishing - Step function
  5
# threshold_percent(1,Nthresholds) threshold %ages (of biomass) when action is taken - Step function
# note that must appear in ascending order
  0.1 0.2 0.3 0.4 1e+06
# exploitation_levels(1,Nthresholds). these must pair with the threshold_percent values - Step function
  0.05 0.05 0.05 0.05 0.05
# threshold_species(1,Nspecies). Species level detection threshold
  0.1 0.1 0 0 0 0 0 0 0 0
# int AssessmentOn. Assessment On or Off
  0
# int speciesDetection. include species (in addition to guild) in assessment on or off
  0
# int LFI_size. (cm). Threshold to determin a large fish. used in LFI metric
  60
# init_number scaleInitialN.  used to scale initial yr1N abundances found in .pin file
  1
# other food term
  50000
#init_matrix effortScaled(1,Nareas,1,Nspecies)
  1 1 1 1 1 1 1 1 1 1
# init_4darray discard_Coef(1,Nareas,1,Nspecies,1,Nfleets,1,Nsizebins)
# proportion of each species that is discarded for each fleet(Bottom, Pelagic, Fixed)
# spinydog fleet x sizeclass
  1 1 1 1 1
  0 0 0 0 0
  1 1 1 1 0.68
  1 1 1 1 1
  0 0 0 0 0
# winterskate fleet x sizeclass
  1 1 1 1 1
  0 0 0 0 0
  0.24 0.24 0.24 0.24 0.24
  1 1 1 1 1
  0 0 0 0 0
# Aherring fleet x sizeclass
  0 0 0 0 0
  0 0 0 0 0
  0 0 0 0 0
  0 0 0 0 0
  0 0 0 0 0
# Acod fleet x sizeclass
  0 0 0 0 0
  0 0 0 0 0
  0 0 0 0 0
  0 0 0 0 0
  0 0 0 0 0
# haddock fleet x sizeclass
  0 0 0 0 0
  0 0 0 0 0
  0 0 0 0 0
  0 0 0 0 0
  0 0 0 0 0
# yellowtailfl fleet x sizeclass
  0 0 0 0 0
  0 0 0 0 0
  0 0 0 0 0
  0 0 0 0 0
  0 0 0 0 0
# winterfl fleet x sizeclass
  0 0 0 0 0
  0 0 0 0 0
  0 0 0 0 0
  0 0 0 0 0
  0 0 0 0 0
# Amackerel fleet x sizeclass
  0 0 0 0 0
  0 0 0 0 0
  0 0 0 0 0
  0 0 0 0 0
  0 0 0 0 0
# silverhake fleet x sizeclass
  0 0 0 0 0
  0 0 0 0 0
  0 0 0 0 0
  0 0 0 0 0
  0 0 0 0 0
# goosefish fleet x sizeclass
  0 0 0 0 0
  0 0 0 0 0
  0 0 0 0 0
  0 0 0 0 0
  0 0 0 0 0
# init_4darray discardSurvival_Coef(1,Nareas,1,1,Nspecies,1,Nfleets,1,Nsizebins)
# proportion of discards that survive being thrown back
# spinydog fleet x sizeclass
  0.7 0.7 0.7 0.7 0.7
  1 1 1 1 1
  0.8 0.8 0.8 0.8 0.8
  0.7 0.7 0.7 0.7 0.7
  1 1 1 1 1
# winterskate fleet x sizeclass
  0.9 0.9 0.9 0.9 0.9
  1 1 1 1 1
  0.95 0.95 0.95 0.95 0.95
  0.9 0.9 0.9 0.9 0.9
  1 1 1 1 1
# Aherring fleet x sizeclass
  1 1 1 1 1
  1 1 1 1 1
  1 1 1 1 1
  1 1 1 1 1
  1 1 1 1 1
# Acod fleet x sizeclass
  1 1 1 1 1
  1 1 1 1 1
  1 1 1 1 1
  1 1 1 1 1
  1 1 1 1 1
# haddock fleet x sizeclass
  1 1 1 1 1
  1 1 1 1 1
  1 1 1 1 1
  1 1 1 1 1
  1 1 1 1 1
# yellowtailfl fleet x sizeclass
  1 1 1 1 1
  1 1 1 1 1
  1 1 1 1 1
  1 1 1 1 1
  1 1 1 1 1
# winterfl fleet x sizeclass
  1 1 1 1 1
  1 1 1 1 1
  1 1 1 1 1
  1 1 1 1 1
  1 1 1 1 1
# Amackerel fleet x sizeclass
  1 1 1 1 1
  1 1 1 1 1
  1 1 1 1 1
  1 1 1 1 1
  1 1 1 1 1
# silverhake fleet x sizeclass
  1 1 1 1 1
  1 1 1 1 1
  1 1 1 1 1
  1 1 1 1 1
  1 1 1 1 1
# goosefish fleet x sizeclass
  1 1 1 1 1
  1 1 1 1 1
  1 1 1 1 1
  1 1 1 1 1
  1 1 1 1 1
# predOrPrey(1,Nspecies). binary vector indicating predators. inverse = prey
  1 1 0 1 0 0 0 0 1 1
# bandwidth_metric. (in yrs) for variance estimate of catch - moving window
  5
# init_number baseline_threshold // value of threshold that we stop landing catch. Typically 0.2
  0.2
# init_3darray indicator_fishery_q(1,Nareas,1,Nspecies,1,Nfleets)
# which species represent targeted catch. These are used to estmate exploitation rate in assessment
  1 1 1 1 1
  1 0 1 1 1
  1 1 0 1 1
  1 0 1 1 1
  1 1 1 1 1
  1 0 0 1 1
  1 0 0 1 1
  1 1 0 1 1
  1 1 0 1 1
  1 0 1 1 1
# AR_parameters(1,3) Survey, recruitment, Catch 
  0 0 0
# init_int flagMSE determins level of output (0 or 1)
  0
#  init_matrix catchProportion(1,Nareas,1,Nspecies). Proportion of the year in which resides in the management area
  0.1 1 0.17 1 1 1 1 0.14 1 1
# init_matrix areaMortality(1,Nareas,1,Nspecies). Total mortality outside of areae management area
  0 0 0.01 0 0 0 0 0.003 0 0
# eof
54321
