# Number of parameters = 1145 Objective function value = 30758741.1038348  Maximum gradient component = 3784631.06402110
# ln_yr1N:
 -39.0276354463388 -68.1369235366579 10.5991593580967 -22.3014370734635 -61.9643400856653
 12.4249701256271 -24.9329535631337 -24.2491258131056 -129.714391398323 -26.4939141201269
 3.47019402680558 -50.8838219900131 -219.074556499479 -42.8335573326247 -75.3340061410665
 8.08668264139397 -35.3121996830764 -45.6945298033808 -33.7280944604121 -47.8645576799020
 10.6558229716039 10.1203142357407 -152.294908579422 -16.4883755843882 -777.994519326986
 -107.672365339214 2.59388779942466 4.99651965365156 -57.2341125897520 -67.3060452725921
 -48.4312915134528 15.1270819882000 -5.29595658145252 -228.150375158403 16.3179350189598
 -74.6986032896269 9.52700139974971 -58.5331113532466 -37.4499049659892 -35.7312567590993
 7.39799772102462 -2707.87306137203 10.7227916476870 -19.7564129790477 -46.6019463574850
 7.82301783677386 -31.0231174184411 -71.0537330916204 -29.7553556404824 -83.9775144993740
 -0.315803640777573 -42.4155380242594 -44.4101799577098 -42.5125447646032 -45.4004456158883
# recruitment_alpha:
 0.00000000000000 0.00000000000000 0.00000000000000 0.00000000000000 0.00000000000000 0.00000000000000 0.00000000000000 0.00000000000000 0.00000000000000 0.00000000000000 0.00000000000000
# recruitment_shape:
 0.00000000000000 0.00000000000000 0.00000000000000 0.00000000000000 0.00000000000000 0.00000000000000 0.00000000000000 0.00000000000000 0.00000000000000 0.00000000000000 0.00000000000000
# recruitment_beta:
 0.00000000000000 0.00000000000000 0.00000000000000 0.00000000000000 0.00000000000000 0.00000000000000 0.00000000000000 0.00000000000000 0.00000000000000 0.00000000000000 0.00000000000000
# ln_avg_recruitment:
 15.0518459092321 15.7535447033805 5.11914915964636 10.1760551429207 11.7124658665943 10.0753983930663 12.7170305155020 12.8208530578944 10.7655257731781 11.3146943518662 6.16211079189221
# recruitment_devs:
 -2.84756098987217e-13 -2.10883779927546e-11 -1.32674761612285e-11 -1.05992274824969e-11 -9.34450004164332e-12 -8.62112261752879e-12 -8.07734126680964e-12 -7.53465621025128e-12 -6.89015778217232e-12 -6.08252389109125e-12 -5.10161999662232e-12 -3.98374156228468e-12 -2.81809865869561e-12 -1.74751583836081e-12 -9.50138381614509e-13 -5.76493715464268e-13 -6.03961232948815e-13 -6.21623036607924e-13 -6.31244275332221e-13 -6.35446787547390e-13 -6.33246676686310e-13 -6.28477647049395e-13 -6.20217496191488e-13 -6.09936817077119e-13 -5.98026485629837e-13 -5.85772254768591e-13 -5.71227792617392e-13 -5.56943208102199e-13 -5.42542123387360e-13 -5.28324259259177e-13 -5.14156572843615e-13 -5.00391330928023e-13 -4.86898906946699e-13 -4.74253194235501e-13 -4.63444157609494e-13 -4.54897657502566e-13 -4.48162246691629e-13 -4.42923754732462e-13 -4.39592359364429e-13 -4.34083102452388e-13 -4.24233635243802e-13 -4.10993111860145e-13 -4.01247032970035e-13 -3.95471528591205e-13 -3.92133053396529e-13 -3.92386610408090e-13 -3.94404768181177e-13 -3.98537670101162e-13 -4.03487289926273e-13 -4.09769193049973e-13 -4.17077777561047e-13 -4.25640139473390e-13 -4.34712589003423e-13 -4.45953799323773e-13 -4.59337017041411e-13 -4.73546173746356e-13 -4.89103080326731e-13 -5.07016108492808e-13 -5.27839559069724e-13 -5.51927166099669e-13 -5.79291163849183e-13 -6.10464329103621e-13 -6.46639691160336e-13 -6.88960859472309e-13 -7.37717879703777e-13 -7.93339436981938e-13 -8.53787343457917e-13 -9.13645360213584e-13 -9.70046352273900e-13 -1.01943006343469e-12 -1.05770552350736e-12 -1.08014238588178e-12 -1.08131291780704e-12 -1.05728011802195e-12 -1.00292086810426e-12 -9.15498486717176e-13 -7.98271512811000e-13 -6.58175364682510e-13 -5.10572396791855e-13 -3.78298644894517e-13
 -2.84756098987217e-13 -2.92370789257379e-11 -1.76758724971679e-11 -1.41650766765850e-11 -1.24395086467076e-11 -1.13485636259213e-11 -1.04878513211160e-11 -9.63955541203175e-12 -8.69209504717792e-12 -7.66309850993647e-12 -6.52090176579619e-12 -5.30742773876081e-12 -4.11861108988908e-12 -3.12041707917099e-12 -2.50190293318244e-12 -2.31624721630456e-12 -2.27566199512228e-12 -2.24539326966785e-12 -2.21498636343958e-12 -2.18554621981739e-12 -2.16402388619131e-12 -2.15562491717320e-12 -2.15875640487867e-12 -2.16327570756345e-12 -2.15797637027004e-12 -2.15470475594226e-12 -2.15059192303100e-12 -2.14901448403319e-12 -2.15294912712400e-12 -2.16402208765913e-12 -2.17561019851968e-12 -2.18879297621156e-12 -2.20386927262068e-12 -2.22229046042687e-12 -2.24370731922349e-12 -2.26751819410065e-12 -2.30162160137198e-12 -2.34553966754426e-12 -2.39649861094122e-12 -2.43948333590908e-12 -2.47034066005438e-12 -2.48272386565727e-12 -2.48178620417457e-12 -2.47525442438742e-12 -2.46620910406365e-12 -2.45561207993000e-12 -2.44274126091408e-12 -2.43358821008574e-12 -2.42837882915024e-12 -2.42202208450311e-12 -2.41105735252777e-12 -2.39445452471167e-12 -2.38422356967762e-12 -2.36813149919683e-12 -2.35079212483497e-12 -2.34104785949965e-12 -2.33662364831899e-12 -2.33970073964000e-12 -2.33376432726910e-12 -2.32732745703716e-12 -2.32181218770307e-12 -2.31695635183773e-12 -2.30155955494778e-12 -2.28142814061738e-12 -2.25723491394627e-12 -2.23959754103047e-12 -2.21918611220066e-12 -2.18261705278978e-12 -2.14025768725466e-12 -2.08576975538154e-12 -2.01104404560703e-12 -1.91866136212184e-12 -1.81097034811428e-12 -1.67915210678722e-12 -1.50230663477232e-12 -1.28746238656546e-12 -1.03243039963350e-12 -7.56578388451131e-13 -5.11840706276518e-13 -3.50598982532938e-13
 -2.84756098987217e-13 -8.77491850551830e-12 -7.29767174078728e-12 -7.15210081747675e-12 -7.14636747878349e-12 -7.16247177378211e-12 -7.19621151186203e-12 -7.21535560613375e-12 -7.25286474761284e-12 -7.26633932585700e-12 -7.28051710974035e-12 -7.27761062792655e-12 -7.15613570923952e-12 -6.53946209395597e-12 -4.10648000306322e-12 -3.30135771838904e-13 -3.76378661996148e-13 -4.12423060619930e-13 -4.45572795132553e-13 -4.56299589536814e-13 -4.72830689750715e-13 -4.89016755908700e-13 -5.03124405185812e-13 -5.04546086410004e-13 -5.09491198143404e-13 -5.17972262458031e-13 -5.20639138259518e-13 -5.19541596695804e-13 -5.26613041308861e-13 -5.39406750943882e-13 -5.60605917915051e-13 -5.59933008614337e-13 -5.62887600538628e-13 -5.71174030232064e-13 -5.82366420806024e-13 -5.86744097710559e-13 -5.84780513450378e-13 -5.87785926378589e-13 -6.13655197062045e-13 -7.13098614830652e-13 -8.28839550399581e-13 -8.09860300605689e-13 -7.93609021497004e-13 -7.79699677728438e-13 -7.69649601223861e-13 -7.54613635088656e-13 -7.38118847900037e-13 -7.24413230827700e-13 -7.20534442805121e-13 -7.27119810478412e-13 -7.23938185854211e-13 -7.22309110907803e-13 -7.08870068062020e-13 -7.05943549623011e-13 -7.10389588224920e-13 -6.98626502153542e-13 -7.04054042028138e-13 -7.01990576178152e-13 -6.93500918573311e-13 -6.74526719280876e-13 -6.81673858657090e-13 -6.83538389392032e-13 -6.75971967114915e-13 -6.68258768877496e-13 -6.25411865169133e-13 -5.77795124821142e-13 -5.89007096413317e-13 -5.94667571667259e-13 -6.00978469735744e-13 -5.94815995353487e-13 -5.96564845370831e-13 -6.10267735923725e-13 -6.10719881115482e-13 -6.00940011135326e-13 -5.99244431523478e-13 -6.05940971430967e-13 -6.19337683561465e-13 -6.02523044849200e-13 -5.99645640327709e-13 -5.57044500448915e-13
 -2.84756098987217e-13 -1.65870175055680e-11 -1.13927917538857e-11 -1.00567674467169e-11 -9.67157871081896e-12 -9.62700490034572e-12 -9.68441180071522e-12 -9.69800387725814e-12 -9.53863974773037e-12 -9.08154806841209e-12 -8.22669988295073e-12 -7.03076353686280e-12 -5.52583965538889e-12 -3.91460262462860e-12 -2.59626030577679e-12 -2.09261681088364e-12 -2.17795654719873e-12 -2.23834935467568e-12 -2.27951844688073e-12 -2.30526506184056e-12 -2.31272258620504e-12 -2.29650754853440e-12 -2.25862908495736e-12 -2.19703671990977e-12 -2.10760939073623e-12 -1.97781688222438e-12 -1.92629505007017e-12 -1.88741666593243e-12 -1.87033698993085e-12 -1.86740454714084e-12 -1.89459261868913e-12 -1.94588754752168e-12 -1.99825404967582e-12 -2.04055793922389e-12 -2.06671754817886e-12 -2.07325590361116e-12 -2.05999937290404e-12 -2.02214032773318e-12 -1.94220702213160e-12 -1.92439032169590e-12 -1.89447743820764e-12 -1.85784473407999e-12 -1.81909565197882e-12 -1.79108112688282e-12 -1.76064473431861e-12 -1.78044711736797e-12 -1.80121730964069e-12 -1.81912374347780e-12 -1.82826598894046e-12 -1.83875936009018e-12 -1.85316922708596e-12 -1.86257561321226e-12 -1.86063175157455e-12 -1.84621876828260e-12 -1.81405140189602e-12 -1.80235362027217e-12 -1.80924620967712e-12 -1.82698987815469e-12 -1.84045895655226e-12 -1.85013761416817e-12 -1.86633488850338e-12 -1.89009320697483e-12 -1.91379162285547e-12 -1.93443865646706e-12 -1.95331005140299e-12 -1.97188316484989e-12 -1.98580670156200e-12 -1.99145345638485e-12 -1.98867778451177e-12 -1.97191990828600e-12 -1.93918695152414e-12 -1.88820731038534e-12 -1.81469512977562e-12 -1.71111027473301e-12 -1.57089005244744e-12 -1.38893748416701e-12 -1.16473494117171e-12 -9.04974954601633e-13 -6.34585102407197e-13 -3.98095978842465e-13
 -2.84756098987217e-13 -8.50360109076484e-13 -9.48611051530711e-13 -1.09733799063667e-12 -1.29296776071680e-12 -1.51371830068796e-12 -1.72347052695888e-12 -1.89472924461148e-12 -1.98992030883457e-12 -1.97528033609919e-12 -1.86329458106121e-12 -1.69530686751059e-12 -1.51968409203731e-12 -1.38350376204686e-12 -1.31973713851103e-12 -1.30649186741202e-12 -1.29428105144625e-12 -1.27989757638872e-12 -1.26578181541465e-12 -1.25152162990487e-12 -1.23590371772216e-12 -1.22039663515541e-12 -1.20610366023190e-12 -1.19288304536001e-12 -1.18099799845325e-12 -1.17109924356584e-12 -1.16505542477672e-12 -1.16048890530075e-12 -1.15683820296866e-12 -1.15419685814767e-12 -1.15233453998942e-12 -1.14851221074430e-12 -1.14444749621534e-12 -1.14124970683382e-12 -1.13942725496604e-12 -1.13887367642572e-12 -1.13822424940180e-12 -1.13672406209207e-12 -1.13504965689094e-12 -1.13274431492992e-12 -1.12995993254184e-12 -1.12704471032867e-12 -1.12490333059873e-12 -1.12425968534502e-12 -1.12428491054987e-12 -1.12378277980758e-12 -1.12316438226409e-12 -1.12180255023716e-12 -1.12002745453571e-12 -1.11779300760827e-12 -1.11721837894544e-12 -1.11672680396658e-12 -1.11478076497992e-12 -1.11271090934576e-12 -1.11102134860641e-12 -1.10931697288129e-12 -1.10703457947847e-12 -1.10463106580618e-12 -1.10036784837079e-12 -1.09531896161302e-12 -1.08884997140670e-12 -1.08119276256030e-12 -1.07331706507272e-12 -1.06266269363837e-12 -1.04945163782213e-12 -1.03312477092803e-12 -1.01363587093047e-12 -9.89128501154891e-13 -9.61036947939147e-13 -9.26582845681361e-13 -8.86322283147745e-13 -8.38725998303747e-13 -7.82057355975413e-13 -7.16067157438592e-13 -6.41324387120160e-13 -5.57834824913313e-13 -4.67097245880297e-13 -3.70730831056137e-13 -2.81734595739493e-13 -2.33337592333821e-13
 -2.84756098987217e-13 -2.07363443071390e-11 -1.34010241789130e-11 -1.10578147260923e-11 -9.91447884945038e-12 -9.23706833293936e-12 -8.76346588875329e-12 -8.36510761005719e-12 -7.95404522607311e-12 -7.45474521965457e-12 -6.79485135539511e-12 -5.91077026622296e-12 -4.75458632124739e-12 -3.34345455247786e-12 -1.86998343583584e-12 -1.00990494810829e-12 -1.02894245326003e-12 -1.04632873981227e-12 -1.06099692226241e-12 -1.07338056399336e-12 -1.08319171810379e-12 -1.09356488055531e-12 -1.10173871419399e-12 -1.10868395596047e-12 -1.11278658294354e-12 -1.11758209035920e-12 -1.12198405868731e-12 -1.12487799477169e-12 -1.12870815629227e-12 -1.13236961681209e-12 -1.13724342275393e-12 -1.14451127072340e-12 -1.15281025664748e-12 -1.15956627321795e-12 -1.17289913449138e-12 -1.19258165602514e-12 -1.22016679596708e-12 -1.25674449466940e-12 -1.29970226740858e-12 -1.34403223930039e-12 -1.36352239170491e-12 -1.35186242413161e-12 -1.34223933313786e-12 -1.33496804019462e-12 -1.32819771353661e-12 -1.32224238214130e-12 -1.31810932400315e-12 -1.31041713517575e-12 -1.30403358564358e-12 -1.29924857620870e-12 -1.29664197368560e-12 -1.29028707719024e-12 -1.28882688833574e-12 -1.28607155974466e-12 -1.28501401911698e-12 -1.28520356015874e-12 -1.28358168883663e-12 -1.28155610894559e-12 -1.27590855399083e-12 -1.26712936197911e-12 -1.25862068693994e-12 -1.24904378426662e-12 -1.23415833232141e-12 -1.21686065037064e-12 -1.19851445218650e-12 -1.18724895500982e-12 -1.18873559992067e-12 -1.18912302653444e-12 -1.18758715697576e-12 -1.18478453674520e-12 -1.17813420124935e-12 -1.16584671855595e-12 -1.14772512252286e-12 -1.11500543063648e-12 -1.06668264698977e-12 -9.96929950133091e-13 -8.98210989308640e-13 -7.69096750649146e-13 -6.04713960684879e-13 -4.22100145578287e-13
 -2.84756098987217e-13 -8.91845464081400e-13 -1.14123042068273e-12 -1.48394378817431e-12 -1.90140054415418e-12 -2.36732033307025e-12 -2.83314518617376e-12 -3.23356087655177e-12 -3.51346352931314e-12 -3.65525212036072e-12 -3.66996982791925e-12 -3.59346600318541e-12 -3.42871563217486e-12 -3.19143267836693e-12 -2.96738430195717e-12 -2.90839860649447e-12 -2.90129277608711e-12 -2.88538552696667e-12 -2.87369228146983e-12 -2.85076884865923e-12 -2.83770683275606e-12 -2.83606442454314e-12 -2.82015653240537e-12 -2.80921260557277e-12 -2.80169401514485e-12 -2.78385514180885e-12 -2.77502830585289e-12 -2.76289636272393e-12 -2.75405289677688e-12 -2.74638516974302e-12 -2.74173440325646e-12 -2.74049778765901e-12 -2.73799042677872e-12 -2.73524604817086e-12 -2.73892004976511e-12 -2.74406787648211e-12 -2.74784993308409e-12 -2.75632739490751e-12 -2.76803711166416e-12 -2.77419865831321e-12 -2.76789409782182e-12 -2.75788418360985e-12 -2.75067596604956e-12 -2.74552683043552e-12 -2.74358897450109e-12 -2.74180408710272e-12 -2.74181256800963e-12 -2.73854615183469e-12 -2.73469914702193e-12 -2.73342216433130e-12 -2.73427269117626e-12 -2.73100313958377e-12 -2.72799940227197e-12 -2.72434345745589e-12 -2.71982067808841e-12 -2.71564200587305e-12 -2.70903055420770e-12 -2.70198812841708e-12 -2.69443516069927e-12 -2.68529620772242e-12 -2.67793318232035e-12 -2.66973884534816e-12 -2.66090084971847e-12 -2.65443422548345e-12 -2.64787100798557e-12 -2.64560072490578e-12 -2.64881617560929e-12 -2.64918715906888e-12 -2.64352301748375e-12 -2.63544967659795e-12 -2.62176392619369e-12 -2.59151464227701e-12 -2.53958880926049e-12 -2.45750894457854e-12 -2.32476077807009e-12 -2.12132733196098e-12 -1.81952014415434e-12 -1.40952694301902e-12 -9.24097857565316e-13 -4.74393116338329e-13
 -2.84756098987217e-13 -6.39339818912078e-12 -6.41138773750226e-12 -6.43379887247551e-12 -6.42980125787028e-12 -6.39899925453042e-12 -6.35998575140434e-12 -6.36635879842813e-12 -6.39849950652203e-12 -6.40411714632417e-12 -6.39226049594638e-12 -6.40524964084135e-12 -6.44773282948833e-12 -6.46157147003970e-12 -6.56590561144629e-12 6.81401033233173e-13 5.02550333602409e-13 4.02809926341052e-13 3.81864121571286e-13 3.45090048475288e-13 2.96057418292979e-13 2.86886741539371e-13 2.92488895302066e-13 2.42594422401450e-13 2.44065220759998e-13 3.96217690456694e-13 6.33575919063273e-13 7.49708719564722e-13 8.02046829268762e-13 7.81847197024026e-13 7.33362801867653e-13 6.77329477271304e-13 6.53864216213195e-13 6.33181444401507e-13 5.54941762101142e-13 5.93344058872657e-13 6.70639198296915e-13 7.25278609011819e-13 6.92878939439882e-13 6.74328154345808e-13 5.30000007059103e-13 6.23444862116803e-13 6.86909754721429e-13 7.24645655965311e-13 7.20377485080247e-13 7.39511853643481e-13 7.06163278603640e-13 6.92652792943675e-13 7.37885593672271e-13 7.19879686434927e-13 7.14119929435317e-13 7.30391204483034e-13 8.72943006691465e-13 9.95830884653752e-13 1.03796273411497e-12 9.58445491532034e-13 8.75227034612212e-13 8.31271323168323e-13 8.56299962099654e-13 8.56320747281664e-13 8.44525748193474e-13 8.10177241322701e-13 7.52514949129705e-13 7.85249638093963e-13 9.29702888862149e-13 1.10718832734043e-12 1.06828213248477e-12 9.67018013039949e-13 8.52225226822260e-13 8.19527261123204e-13 8.12025134678988e-13 8.11835646943022e-13 8.63798500968885e-13 8.32073415565218e-13 8.19971744064016e-13 8.95493610580534e-13 1.12060039850504e-12 1.28795269460459e-12 1.30537117106164e-12 1.25300300474513e-12
 -2.84756098987217e-13 -6.87173738745978e-13 -6.56442167954080e-13 -6.43664612364192e-13 -6.40204293018585e-13 -6.39651838891070e-13 -6.38776250236586e-13 -6.36160172787451e-13 -6.33417177534803e-13 -6.28753076502924e-13 -6.23715065019007e-13 -6.17500381974781e-13 -6.09898489784134e-13 -6.02592331884588e-13 -5.95869790171850e-13 -5.89764377228327e-13 -5.83848233804538e-13 -5.78609320548662e-13 -5.74419768202264e-13 -5.71191111159605e-13 -5.68417925606315e-13 -5.65886996614750e-13 -5.63871275345450e-13 -5.62216942895163e-13 -5.60749347301080e-13 -5.59724125741294e-13 -5.59049592500000e-13 -5.59203364349729e-13 -5.60713527530835e-13 -5.62820205326715e-13 -5.64565957905330e-13 -5.65797507999616e-13 -5.66916469478064e-13 -5.68113347627473e-13 -5.68881886920888e-13 -5.68986560608064e-13 -5.68935090629494e-13 -5.68384655743483e-13 -5.67585828139920e-13 -5.67169825611422e-13 -5.67209455519893e-13 -5.66796468477219e-13 -5.66229706909822e-13 -5.65491706667153e-13 -5.64238932595563e-13 -5.62676754542217e-13 -5.61087494148258e-13 -5.59421952836123e-13 -5.57597724441433e-13 -5.55417959695067e-13 -5.53984314508731e-13 -5.53756131662934e-13 -5.54601527239000e-13 -5.55759815501114e-13 -5.56849952733946e-13 -5.57523463010593e-13 -5.57844293478148e-13 -5.57567143304500e-13 -5.56792948309257e-13 -5.55868548276358e-13 -5.54745256696508e-13 -5.53184096444185e-13 -5.51359324386639e-13 -5.48901002207813e-13 -5.46107448514363e-13 -5.43023620747323e-13 -5.39691459007864e-13 -5.35436688928780e-13 -5.29758629855158e-13 -5.22794485964510e-13 -5.14092514874638e-13 -5.03347403281020e-13 -4.90118571336718e-13 -4.74513046317961e-13 -4.55954093572307e-13 -4.34478027584048e-13 -4.09063705044523e-13 -3.80586594448479e-13 -3.49543136142122e-13 -3.17168343524721e-13
 -2.84756098987217e-13 -1.85405630986516e-11 -1.18041656332135e-11 -1.01216314053737e-11 -9.56122708000293e-12 -9.39219035590973e-12 -9.33747237098295e-12 -9.23973357524130e-12 -8.98055487305829e-12 -8.46179858084446e-12 -7.61770032668485e-12 -6.41239580681520e-12 -4.89461905793077e-12 -3.24690500649724e-12 -1.86899051276898e-12 -1.29662899348951e-12 -1.29836632496544e-12 -1.29565986734404e-12 -1.29463566275689e-12 -1.29693175663357e-12 -1.29946982451340e-12 -1.30052830703145e-12 -1.30284542168936e-12 -1.30022453398751e-12 -1.29949085175799e-12 -1.30099543537089e-12 -1.30107025029272e-12 -1.30651468489084e-12 -1.30777409905238e-12 -1.30568296577342e-12 -1.30833429711218e-12 -1.31443819530864e-12 -1.32066220696093e-12 -1.33162821276245e-12 -1.35126682813621e-12 -1.37774404546399e-12 -1.40747416319842e-12 -1.43924838668592e-12 -1.47359069731371e-12 -1.50119948658670e-12 -1.51395932690132e-12 -1.50590797388745e-12 -1.49587445968365e-12 -1.48902288686508e-12 -1.48237247937294e-12 -1.47578238955060e-12 -1.46784124978196e-12 -1.46601602469657e-12 -1.46366683585393e-12 -1.45943796236726e-12 -1.45674082167389e-12 -1.45487602654452e-12 -1.45093366435188e-12 -1.44712448401907e-12 -1.44690022871047e-12 -1.44431317620108e-12 -1.43761193415214e-12 -1.43033219856289e-12 -1.42198231384657e-12 -1.41820865013611e-12 -1.41155395308970e-12 -1.40329302030076e-12 -1.39155461430861e-12 -1.37575700166104e-12 -1.36166275599738e-12 -1.35529011240363e-12 -1.35095352485697e-12 -1.34142078367901e-12 -1.33105567949577e-12 -1.31521967712017e-12 -1.29329646193443e-12 -1.26177652635117e-12 -1.21973497534407e-12 -1.16481030145251e-12 -1.08622452698854e-12 -9.83331300273540e-13 -8.50388885075088e-13 -6.89472278342807e-13 -5.18051827723151e-13 -3.73666147845559e-13
 -2.84756098987217e-13 -1.69738772178185e-11 -1.04864391219752e-11 -9.45314402090054e-12 -9.11269928215853e-12 -8.97472433630866e-12 -8.91292845239614e-12 -8.87944130393745e-12 -8.85680704577227e-12 -8.81725414351130e-12 -8.71083133429683e-12 -8.45979271449398e-12 -7.85207140820441e-12 -6.36650866362557e-12 -2.83379417784390e-12 -9.89661845383944e-13 -1.03186250427685e-12 -1.06131282765893e-12 -1.08991679634713e-12 -1.12351670872214e-12 -1.15462040507103e-12 -1.18210050017455e-12 -1.20015391064236e-12 -1.21532356524523e-12 -1.23532693125429e-12 -1.24953593737112e-12 -1.26060339341606e-12 -1.27304717720675e-12 -1.27971301632426e-12 -1.28517902032424e-12 -1.28817023335633e-12 -1.28533082422519e-12 -1.28467384326113e-12 -1.29046381858423e-12 -1.29628417935100e-12 -1.29217871123257e-12 -1.29516080234459e-12 -1.31360340759982e-12 -1.36411314500686e-12 -1.47877285500636e-12 -1.53073749244481e-12 -1.50957772246931e-12 -1.48899152815290e-12 -1.46804367724530e-12 -1.44870124208033e-12 -1.42816294199405e-12 -1.41084677959416e-12 -1.39795600571833e-12 -1.38840361851174e-12 -1.37899665596518e-12 -1.36070668439060e-12 -1.35333508251005e-12 -1.34288713722814e-12 -1.33627304533140e-12 -1.33176799987388e-12 -1.32291457746042e-12 -1.32432828607519e-12 -1.32146925010042e-12 -1.32338490048227e-12 -1.31856964984985e-12 -1.31598596148585e-12 -1.30681291547002e-12 -1.29414806382522e-12 -1.27244187771909e-12 -1.22710450217300e-12 -1.20966189896128e-12 -1.21004741273155e-12 -1.20823754111886e-12 -1.21582108205280e-12 -1.22489956091602e-12 -1.22884726770098e-12 -1.23402717602676e-12 -1.24212275849348e-12 -1.24353664945237e-12 -1.24713247288091e-12 -1.22782594805660e-12 -1.19619261993033e-12 -1.12002865483178e-12 -9.36012297317533e-13 -4.83204124583047e-13
# ln_recsigma:
 1.00000000000000 1.00000000000000 1.00000000000000 1.00000000000000 1.00000000000000 1.00000000000000 1.00000000000000 1.00000000000000 1.00000000000000 1.00000000000000 1.00000000000000
# avg_F:
 -2.49111013891370 -2.49111012956382
# F_devs:
 -1.98153651437339e-10 -1.27108858793050e-10 -1.20368343862263e-10 -1.15100205865443e-10 -1.12844648383525e-10 -1.12334438292339e-10 -1.12300754598565e-10 -1.11300291539455e-10 -1.10240310282893e-10 -1.11817382240349e-10 -1.15315125378065e-10 -1.21651933914057e-10 -1.31594194605845e-10 -1.52795971928369e-10 -1.99645643940143e-10 -7.66367312144073e-11 -7.46327676855162e-11 -7.47471441421120e-11 -7.40397660944181e-11 -7.27407685326153e-11 -7.33939425866291e-11 -7.50801140813176e-11 -7.81534919661013e-11 -7.87241363441645e-11 -8.06108118921839e-11 -7.99429590336909e-11 -8.02629550079811e-11 -8.13554652578865e-11 -8.15775196767627e-11 -7.98442715664432e-11 -7.85474239835721e-11 -7.79366935964788e-11 -7.85220498497674e-11 -7.81332874136783e-11 -7.69248143768905e-11 -7.87388228281319e-11 -8.01724558636310e-11 -8.09834521444215e-11 -7.96676957131265e-11 -7.82524443699614e-11 -8.29264312713350e-11 -8.36587686901178e-11 -8.37153933670882e-11 -8.35113249329847e-11 -8.27870583114219e-11 -8.43137157589214e-11 -8.34285318119156e-11 -8.38989996736649e-11 -8.62813552229775e-11 -8.58819306912835e-11 -8.57109440520553e-11 -8.55087704065005e-11 -8.57956240211597e-11 -8.63899820531919e-11 -8.71644366797847e-11 -8.58186315155578e-11 -8.46990681735497e-11 -8.44298769112946e-11 -8.54591690834859e-11 -8.60659538725993e-11 -8.67576757508019e-11 -8.65630422713566e-11 -8.50788784910769e-11 -8.52066146496367e-11 -8.71504389236107e-11 -8.57284986769496e-11 -8.49242160004492e-11 -8.33352130213027e-11 -8.19002791654735e-11 -8.24243009541751e-11 -8.38812995827631e-11 -8.45451631876373e-11 -8.77216501675060e-11 -8.85309187273578e-11 -8.92961176667687e-11 -8.91028068815022e-11 -9.10711556976007e-11 -9.42032612988187e-11 -9.60253046274430e-11 -9.90723315982657e-11
 -1.30300776218488e-11 -1.55142832191194e-11 -1.62745827721554e-11 -1.67723925479885e-11 -1.69209267273211e-11 -1.66521580929453e-11 -1.59228324323335e-11 -1.47453468936627e-11 -1.31826678636664e-11 -1.13271925037091e-11 -9.37056707027451e-12 -7.51066632030748e-12 -5.89362180211508e-12 -4.68482653791658e-12 -4.00549667334465e-12 -3.09342909938743e-12 -3.19404999161567e-12 -3.15419925716560e-12 -3.07972277123124e-12 -2.98682857029097e-12 -2.90275546653372e-12 -2.81771736574000e-12 -2.71079968330592e-12 -2.62768031647163e-12 -2.58145850586635e-12 -2.53329997690304e-12 -2.51778198335693e-12 -2.48509282991873e-12 -2.47808133787900e-12 -2.42748129772580e-12 -2.41461943691420e-12 -2.40124039125517e-12 -2.42696158789012e-12 -2.41934148342327e-12 -2.39259308692561e-12 -2.39604070805444e-12 -2.40830273575453e-12 -2.36435066938190e-12 -2.33851400361624e-12 -2.33239430581866e-12 -2.65108969450382e-12 -2.49243050751807e-12 -2.42541493150393e-12 -2.41190734655842e-12 -2.39865680613879e-12 -2.37802896937333e-12 -2.36545866249806e-12 -2.36248065033312e-12 -2.36187238187135e-12 -2.35005154790912e-12 -2.34748791919415e-12 -2.37572062573584e-12 -2.36538479452230e-12 -2.35153379622129e-12 -2.36633331331806e-12 -2.37061135698992e-12 -2.37881877656041e-12 -2.39794513559785e-12 -2.39322175418639e-12 -2.39121845120480e-12 -2.41494009280133e-12 -2.41436485636045e-12 -2.46001479109292e-12 -2.45275256773533e-12 -2.46794515481436e-12 -2.37251740790989e-12 -2.41960502353790e-12 -2.43170087869206e-12 -2.46817222469814e-12 -2.44936177864938e-12 -2.47475265227289e-12 -2.52649064601469e-12 -2.56104847733102e-12 -2.59514602861375e-12 -2.68255881136171e-12 -2.87020023618285e-12 -3.13643700985757e-12 -3.58012701558044e-12 -4.16942482805694e-12 -4.99861082945943e-12
# fishsel_pars:
 0.999999999991456 1.00000000000000
 0.999999999950673 1.00000000000000
# ln_fishery_q:
 -0.351310119754630 3.19629284531817 -0.261484506361045 1.62166370100958 6.71173089951686 -0.0498255803755578 2.25988211510358
# ln_survey_q:
 -2.17751593025477 -2.17229084633422 1.37978695646519 -2.64903970978400 -3.50207267007227 0.478459564849311 0.206657931853758 -1.96382570963128 -0.208396820199592 0.233980280247740 1.99999999998150
 -3.67095144820914 -3.00424434065659 1.33330889755189 -2.61058815665658 -3.21193032099711 -14.0781911170175 0.298267579509945 -2.00380361739285 -0.261756540274568 0.0372571426521855 1.99999999997121
# survey_selpars:
 0.999999999999920 0.999999999999932
 1.00000000000004 1.00000000000008
