# This file was created using create_DataFile.R and used all inputs from csv files found in folder:
      #createDataFiles_testing/dataInputsHydra
# init_int debug
  4
# init_int Nyrs
  144
# init_int Nspecies
  11
# init_int Nsizebins
  5
# init_int Nareas
  1
# init_int Nfleets
  11
# init_int Nsurveys (e.g. NEFSC spring, NEFSC fall, NEAMAP, etc)
  2
# init_number wtconv
  1
#
# List of Species in Model
# Blue_whiting
# Capelin
# Green_halibut
# Haddock
# Long_rough_dab
# Mackerel
# North_atl_cod
# Norwegian_ssh
# Polar_cod
# Redfish
# Saithe
#
# init_matrix binwidth(1,Nspecies,1,Nsizebins)
 	10	10	10	10	10
 	5	5	5	5	5
 	40	40	40	40	40
 	26	26	26	26	26
 	15	15	15	15	15
 	14	14	14	14	14
 	29	29	29	29	29
 	11	11	11	11	11
 	8	8	8	8	8
 	10	10	10	10	10
 	40	40	40	40	40
# init_vector lenwt_a(1,Nspecies)
  0.0082 0.00033 0.0019 0.012 0.0044 0.0038 0.009 0.0232 0.00033 0.0085 0.0103
# init_vector lenwt_b(1,Nspecies)
  2.9 3.98 3.01 2.95 3.204 3.21 3 2.81 3.98 3.21 2.963
# init_int Nrecruitment_cov
  1
#  init_int Nmaturity_cov 
  1
#  init_int Ngrowth_cov
  1
#  init_matrix recruitment_cov(1,Nrecruitment_cov,1,Nyrs)
  1 1 1 1 1 1 1 1 1 1 1 1 1 1 1 1 1 1 1 1 1 1 1 1 1 1 1 1 1 1 1 1 1 1 1 1 1 1 1 1 1 1 1 1 1 1 1 1 1 1 1 1 1 1 1 1 1 1 1 1 1 1 1 1 1 1 1 1 1 1 1 1 1 1 1 1 1 1 1 1 1 1 1 1 1 1 1 1 1 1 1 1 1 1 1 1 1 1 1 1 1 1 1 1 1 1 1 1 1 1 1 1 1 1 1 1 1 1 1 1 1 1 1 1 1 1 1 1 1 1 1 1 1 1 1 1 1 1 1 1 1 1 1 1
#  init_matrix maturity_cov(1,Nmaturity_cov,1,Nyrs)
  1 1 1 1 1 1 1 1 1 1 1 1 1 1 1 1 1 1 1 1 1 1 1 1 1 1 1 1 1 1 1 1 1 1 1 1 1 1 1 1 1 1 1 1 1 1 1 1 1 1 1 1 1 1 1 1 1 1 1 1 1 1 1 1 1 1 1 1 1 1 1 1 1 1 1 1 1 1 1 1 1 1 1 1 1 1 1 1 1 1 1 1 1 1 1 1 1 1 1 1 1 1 1 1 1 1 1 1 1 1 1 1 1 1 1 1 1 1 1 1 1 1 1 1 1 1 1 1 1 1 1 1 1 1 1 1 1 1 1 1 1 1 1 1
#  init_matrix growth_cov(1,Ngrowth_cov,1,Nyrs)
  1 1 1 1 1 1 1 1 1 1 1 1 1 1 1 1 1 1 1 1 1 1 1 1 1 1 1 1 1 1 1 1 1 1 1 1 1 1 1 1 1 1 1 1 1 1 1 1 1 1 1 1 1 1 1 1 1 1 1 1 1 1 1 1 1 1 1 1 1 1 1 1 1 1 1 1 1 1 1 1 1 1 1 1 1 1 1 1 1 1 1 1 1 1 1 1 1 1 1 1 1 1 1 1 1 1 1 1 1 1 1 1 1 1 1 1 1 1 1 1 1 1 1 1 1 1 1 1 1 1 1 1 1 1 1 1 1 1 1 1 1 1 1 1
# JUST THE DATA FILE
# file name
NOBA-data.dat
#  
#  init_3darray obs_effort(1,Nareas,1,Nfleets,1,Nyrs)  
# fleet types dtrawlGRH pseineMAC dtrawlHAD dtrawlSAI dtrawlNCO pseineBWH pseineSSH dlineNCO dseineNCO netNCO pseineCAP
#  Observed effort. No assessment
  1 1 1 1 1 1 1 1 1 1 1 1 1 1 1 1 1 1 1 1 1 1 1 1 1 1 1 1 1 1 1 1 1 1 1 1 1 1 1 1 1 1 1 1 1 1 1 1 1 1 1 1 1 1 1 1 1 1 1 1 1 1 1 1 1 1 1 1 1 1 1 1 1 1 1 1 1 1 1 1 1 1 1 1 1 1 1 1 1 1 1 1 1 1 1 1 1 1 1 1 1 1 1 1 1 1 1 1 1 1 1 1 1 1 1 1 1 1 1 1 1 1 1 1 1 1 1 1 1 1 1 1 1 1 1 1 1 1 1 1 1 1 1 1
  1 1 1 1 1 1 1 1 1 1 1 1 1 1 1 1 1 1 1 1 1 1 1 1 1 1 1 1 1 1 1 1 1 1 1 1 1 1 1 1 1 1 1 1 1 1 1 1 1 1 1 1 1 1 1 1 1 1 1 1 1 1 1 1 1 1 1 1 1 1 1 1 1 1 1 1 1 1 1 1 1 1 1 1 1 1 1 1 1 1 1 1 1 1 1 1 1 1 1 1 1 1 1 1 1 1 1 1 1 1 1 1 1 1 1 1 1 1 1 1 1 1 1 1 1 1 1 1 1 1 1 1 1 1 1 1 1 1 1 1 1 1 1 1
  1 1 1 1 1 1 1 1 1 1 1 1 1 1 1 1 1 1 1 1 1 1 1 1 1 1 1 1 1 1 1 1 1 1 1 1 1 1 1 1 1 1 1 1 1 1 1 1 1 1 1 1 1 1 1 1 1 1 1 1 1 1 1 1 1 1 1 1 1 1 1 1 1 1 1 1 1 1 1 1 1 1 1 1 1 1 1 1 1 1 1 1 1 1 1 1 1 1 1 1 1 1 1 1 1 1 1 1 1 1 1 1 1 1 1 1 1 1 1 1 1 1 1 1 1 1 1 1 1 1 1 1 1 1 1 1 1 1 1 1 1 1 1 1
  1 1 1 1 1 1 1 1 1 1 1 1 1 1 1 1 1 1 1 1 1 1 1 1 1 1 1 1 1 1 1 1 1 1 1 1 1 1 1 1 1 1 1 1 1 1 1 1 1 1 1 1 1 1 1 1 1 1 1 1 1 1 1 1 1 1 1 1 1 1 1 1 1 1 1 1 1 1 1 1 1 1 1 1 1 1 1 1 1 1 1 1 1 1 1 1 1 1 1 1 1 1 1 1 1 1 1 1 1 1 1 1 1 1 1 1 1 1 1 1 1 1 1 1 1 1 1 1 1 1 1 1 1 1 1 1 1 1 1 1 1 1 1 1
  1 1 1 1 1 1 1 1 1 1 1 1 1 1 1 1 1 1 1 1 1 1 1 1 1 1 1 1 1 1 1 1 1 1 1 1 1 1 1 1 1 1 1 1 1 1 1 1 1 1 1 1 1 1 1 1 1 1 1 1 1 1 1 1 1 1 1 1 1 1 1 1 1 1 1 1 1 1 1 1 1 1 1 1 1 1 1 1 1 1 1 1 1 1 1 1 1 1 1 1 1 1 1 1 1 1 1 1 1 1 1 1 1 1 1 1 1 1 1 1 1 1 1 1 1 1 1 1 1 1 1 1 1 1 1 1 1 1 1 1 1 1 1 1
  1 1 1 1 1 1 1 1 1 1 1 1 1 1 1 1 1 1 1 1 1 1 1 1 1 1 1 1 1 1 1 1 1 1 1 1 1 1 1 1 1 1 1 1 1 1 1 1 1 1 1 1 1 1 1 1 1 1 1 1 1 1 1 1 1 1 1 1 1 1 1 1 1 1 1 1 1 1 1 1 1 1 1 1 1 1 1 1 1 1 1 1 1 1 1 1 1 1 1 1 1 1 1 1 1 1 1 1 1 1 1 1 1 1 1 1 1 1 1 1 1 1 1 1 1 1 1 1 1 1 1 1 1 1 1 1 1 1 1 1 1 1 1 1
  1 1 1 1 1 1 1 1 1 1 1 1 1 1 1 1 1 1 1 1 1 1 1 1 1 1 1 1 1 1 1 1 1 1 1 1 1 1 1 1 1 1 1 1 1 1 1 1 1 1 1 1 1 1 1 1 1 1 1 1 1 1 1 1 1 1 1 1 1 1 1 1 1 1 1 1 1 1 1 1 1 1 1 1 1 1 1 1 1 1 1 1 1 1 1 1 1 1 1 1 1 1 1 1 1 1 1 1 1 1 1 1 1 1 1 1 1 1 1 1 1 1 1 1 1 1 1 1 1 1 1 1 1 1 1 1 1 1 1 1 1 1 1 1
  1 1 1 1 1 1 1 1 1 1 1 1 1 1 1 1 1 1 1 1 1 1 1 1 1 1 1 1 1 1 1 1 1 1 1 1 1 1 1 1 1 1 1 1 1 1 1 1 1 1 1 1 1 1 1 1 1 1 1 1 1 1 1 1 1 1 1 1 1 1 1 1 1 1 1 1 1 1 1 1 1 1 1 1 1 1 1 1 1 1 1 1 1 1 1 1 1 1 1 1 1 1 1 1 1 1 1 1 1 1 1 1 1 1 1 1 1 1 1 1 1 1 1 1 1 1 1 1 1 1 1 1 1 1 1 1 1 1 1 1 1 1 1 1
  1 1 1 1 1 1 1 1 1 1 1 1 1 1 1 1 1 1 1 1 1 1 1 1 1 1 1 1 1 1 1 1 1 1 1 1 1 1 1 1 1 1 1 1 1 1 1 1 1 1 1 1 1 1 1 1 1 1 1 1 1 1 1 1 1 1 1 1 1 1 1 1 1 1 1 1 1 1 1 1 1 1 1 1 1 1 1 1 1 1 1 1 1 1 1 1 1 1 1 1 1 1 1 1 1 1 1 1 1 1 1 1 1 1 1 1 1 1 1 1 1 1 1 1 1 1 1 1 1 1 1 1 1 1 1 1 1 1 1 1 1 1 1 1
  1 1 1 1 1 1 1 1 1 1 1 1 1 1 1 1 1 1 1 1 1 1 1 1 1 1 1 1 1 1 1 1 1 1 1 1 1 1 1 1 1 1 1 1 1 1 1 1 1 1 1 1 1 1 1 1 1 1 1 1 1 1 1 1 1 1 1 1 1 1 1 1 1 1 1 1 1 1 1 1 1 1 1 1 1 1 1 1 1 1 1 1 1 1 1 1 1 1 1 1 1 1 1 1 1 1 1 1 1 1 1 1 1 1 1 1 1 1 1 1 1 1 1 1 1 1 1 1 1 1 1 1 1 1 1 1 1 1 1 1 1 1 1 1
  1 1 1 1 1 1 1 1 1 1 1 1 1 1 1 1 1 1 1 1 1 1 1 1 1 1 1 1 1 1 1 1 1 1 1 1 1 1 1 1 1 1 1 1 1 1 1 1 1 1 1 1 1 1 1 1 1 1 1 1 1 1 1 1 1 1 1 1 1 1 1 1 1 1 1 1 1 1 1 1 1 1 1 1 1 1 1 1 1 1 1 1 1 1 1 1 1 1 1 1 1 1 1 1 1 1 1 1 1 1 1 1 1 1 1 1 1 1 1 1 1 1 1 1 1 1 1 1 1 1 1 1 1 1 1 1 1 1 1 1 1 1 1 1
#  init_4darray area1_stomwt(1,Nareas,1,Nspecies,1,Nyrs,Nsizebins)   
#  read in mean stomach content weight time series from .dat file for intake calculation   
#  Blue_whiting
  0.039893347 0.179748344 0.512104803 4.879748476 20.26
  0.039893347 0.179748344 0.512104803 4.879748476 20.26
  0.039893347 0.179748344 0.512104803 4.879748476 20.26
  0.039893347 0.179748344 0.512104803 4.879748476 20.26
  0.039893347 0.179748344 0.512104803 4.879748476 20.26
  0.039893347 0.179748344 0.512104803 4.879748476 20.26
  0.039893347 0.179748344 0.512104803 4.879748476 20.26
  0.039893347 0.179748344 0.512104803 4.879748476 20.26
  0.039893347 0.179748344 0.512104803 4.879748476 20.26
  0.039893347 0.179748344 0.512104803 4.879748476 20.26
  0.039893347 0.179748344 0.512104803 4.879748476 20.26
  0.039893347 0.179748344 0.512104803 4.879748476 20.26
  0.039893347 0.179748344 0.512104803 4.879748476 20.26
  0.039893347 0.179748344 0.512104803 4.879748476 20.26
  0.039893347 0.179748344 0.512104803 4.879748476 20.26
  0.039893347 0.179748344 0.512104803 4.879748476 20.26
  0.039893347 0.179748344 0.512104803 4.879748476 20.26
  0.039893347 0.179748344 0.512104803 4.879748476 20.26
  0.039893347 0.179748344 0.512104803 4.879748476 20.26
  0.039893347 0.179748344 0.512104803 4.879748476 20.26
  0.039893347 0.179748344 0.512104803 4.879748476 20.26
  0.039893347 0.179748344 0.512104803 4.879748476 20.26
  0.039893347 0.179748344 0.512104803 4.879748476 20.26
  0.039893347 0.179748344 0.512104803 4.879748476 20.26
  0.039893347 0.179748344 0.512104803 4.879748476 20.26
  0.039893347 0.179748344 0.512104803 4.879748476 20.26
  0.039893347 0.179748344 0.512104803 4.879748476 20.26
  0.039893347 0.179748344 0.512104803 4.879748476 20.26
  0.039893347 0.179748344 0.512104803 4.879748476 20.26
  0.039893347 0.179748344 0.512104803 4.879748476 20.26
  0.039893347 0.179748344 0.512104803 4.879748476 20.26
  0.039893347 0.179748344 0.512104803 4.879748476 20.26
  0.039893347 0.179748344 0.512104803 4.879748476 20.26
  0.039893347 0.179748344 0.512104803 4.879748476 20.26
  0.039893347 0.179748344 0.512104803 4.879748476 20.26
  0.039893347 0.179748344 0.512104803 4.879748476 20.26
  0.039893347 0.179748344 0.512104803 4.879748476 20.26
  0.039893347 0.179748344 0.512104803 4.879748476 20.26
  0.039893347 0.179748344 0.512104803 4.879748476 20.26
  0.039893347 0.179748344 0.512104803 4.879748476 20.26
  0.039893347 0.179748344 0.512104803 4.879748476 20.26
  0.039893347 0.179748344 0.512104803 4.879748476 20.26
  0.039893347 0.179748344 0.512104803 4.879748476 20.26
  0.039893347 0.179748344 0.512104803 4.879748476 20.26
  0.039893347 0.179748344 0.512104803 4.879748476 20.26
  0.039893347 0.179748344 0.512104803 4.879748476 20.26
  0.039893347 0.179748344 0.512104803 4.879748476 20.26
  0.039893347 0.179748344 0.512104803 4.879748476 20.26
  0.039893347 0.179748344 0.512104803 4.879748476 20.26
  0.039893347 0.179748344 0.512104803 4.879748476 20.26
  0.039893347 0.179748344 0.512104803 4.879748476 20.26
  0.039893347 0.179748344 0.512104803 4.879748476 20.26
  0.039893347 0.179748344 0.512104803 4.879748476 20.26
  0.039893347 0.179748344 0.512104803 4.879748476 20.26
  0.039893347 0.179748344 0.512104803 4.879748476 20.26
  0.039893347 0.179748344 0.512104803 4.879748476 20.26
  0.039893347 0.179748344 0.512104803 4.879748476 20.26
  0.039893347 0.179748344 0.512104803 4.879748476 20.26
  0.039893347 0.179748344 0.512104803 4.879748476 20.26
  0.039893347 0.179748344 0.512104803 4.879748476 20.26
  0.039893347 0.179748344 0.512104803 4.879748476 20.26
  0.039893347 0.179748344 0.512104803 4.879748476 20.26
  0.039893347 0.179748344 0.512104803 4.879748476 20.26
  0.039893347 0.179748344 0.512104803 4.879748476 20.26
  0.039893347 0.179748344 0.512104803 4.879748476 20.26
  0.039893347 0.179748344 0.512104803 4.879748476 20.26
  0.039893347 0.179748344 0.512104803 4.879748476 20.26
  0.039893347 0.179748344 0.512104803 4.879748476 20.26
  0.039893347 0.179748344 0.512104803 4.879748476 20.26
  0.039893347 0.179748344 0.512104803 4.879748476 20.26
  0.039893347 0.179748344 0.512104803 4.879748476 20.26
  0.039893347 0.179748344 0.512104803 4.879748476 20.26
  0.039893347 0.179748344 0.512104803 4.879748476 20.26
  0.039893347 0.179748344 0.512104803 4.879748476 20.26
  0.039893347 0.179748344 0.512104803 4.879748476 20.26
  0.039893347 0.179748344 0.512104803 4.879748476 20.26
  0.039893347 0.179748344 0.512104803 4.879748476 20.26
  0.039893347 0.179748344 0.512104803 4.879748476 20.26
  0.039893347 0.179748344 0.512104803 4.879748476 20.26
  0.039893347 0.179748344 0.512104803 4.879748476 20.26
  0.039893347 0.179748344 0.512104803 4.879748476 20.26
  0.039893347 0.179748344 0.512104803 4.879748476 20.26
  0.039893347 0.179748344 0.512104803 4.879748476 20.26
  0.039893347 0.179748344 0.512104803 4.879748476 20.26
  0.039893347 0.179748344 0.512104803 4.879748476 20.26
  0.039893347 0.179748344 0.512104803 4.879748476 20.26
  0.039893347 0.179748344 0.512104803 4.879748476 20.26
  0.039893347 0.179748344 0.512104803 4.879748476 20.26
  0.039893347 0.179748344 0.512104803 4.879748476 20.26
  0.039893347 0.179748344 0.512104803 4.879748476 20.26
  0.039893347 0.179748344 0.512104803 4.879748476 20.26
  0.039893347 0.179748344 0.512104803 4.879748476 20.26
  0.039893347 0.179748344 0.512104803 4.879748476 20.26
  0.039893347 0.179748344 0.512104803 4.879748476 20.26
  0.039893347 0.179748344 0.512104803 4.879748476 20.26
  0.039893347 0.179748344 0.512104803 4.879748476 20.26
  0.039893347 0.179748344 0.512104803 4.879748476 20.26
  0.039893347 0.179748344 0.512104803 4.879748476 20.26
  0.039893347 0.179748344 0.512104803 4.879748476 20.26
  0.039893347 0.179748344 0.512104803 4.879748476 20.26
  0.039893347 0.179748344 0.512104803 4.879748476 20.26
  0.039893347 0.179748344 0.512104803 4.879748476 20.26
  0.039893347 0.179748344 0.512104803 4.879748476 20.26
  0.039893347 0.179748344 0.512104803 4.879748476 20.26
  0.039893347 0.179748344 0.512104803 4.879748476 20.26
  0.039893347 0.179748344 0.512104803 4.879748476 20.26
  0.039893347 0.179748344 0.512104803 4.879748476 20.26
  0.039893347 0.179748344 0.512104803 4.879748476 20.26
  0.039893347 0.179748344 0.512104803 4.879748476 20.26
  0.039893347 0.179748344 0.512104803 4.879748476 20.26
  0.039893347 0.179748344 0.512104803 4.879748476 20.26
  0.039893347 0.179748344 0.512104803 4.879748476 20.26
  0.039893347 0.179748344 0.512104803 4.879748476 20.26
  0.039893347 0.179748344 0.512104803 4.879748476 20.26
  0.039893347 0.179748344 0.512104803 4.879748476 20.26
  0.039893347 0.179748344 0.512104803 4.879748476 20.26
  0.039893347 0.179748344 0.512104803 4.879748476 20.26
  0.039893347 0.179748344 0.512104803 4.879748476 20.26
  0.039893347 0.179748344 0.512104803 4.879748476 20.26
  0.039893347 0.179748344 0.512104803 4.879748476 20.26
  0.039893347 0.179748344 0.512104803 4.879748476 20.26
  0.039893347 0.179748344 0.512104803 4.879748476 20.26
  0.039893347 0.179748344 0.512104803 4.879748476 20.26
  0.039893347 0.179748344 0.512104803 4.879748476 20.26
  0.039893347 0.179748344 0.512104803 4.879748476 20.26
  0.039893347 0.179748344 0.512104803 4.879748476 20.26
  0.039893347 0.179748344 0.512104803 4.879748476 20.26
  0.039893347 0.179748344 0.512104803 4.879748476 20.26
  0.039893347 0.179748344 0.512104803 4.879748476 20.26
  0.039893347 0.179748344 0.512104803 4.879748476 20.26
  0.039893347 0.179748344 0.512104803 4.879748476 20.26
  0.039893347 0.179748344 0.512104803 4.879748476 20.26
  0.039893347 0.179748344 0.512104803 4.879748476 20.26
  0.039893347 0.179748344 0.512104803 4.879748476 20.26
  0.039893347 0.179748344 0.512104803 4.879748476 20.26
  0.039893347 0.179748344 0.512104803 4.879748476 20.26
  0.039893347 0.179748344 0.512104803 4.879748476 20.26
  0.039893347 0.179748344 0.512104803 4.879748476 20.26
  0.039893347 0.179748344 0.512104803 4.879748476 20.26
  0.039893347 0.179748344 0.512104803 4.879748476 20.26
  0.039893347 0.179748344 0.512104803 4.879748476 20.26
  0.039893347 0.179748344 0.512104803 4.879748476 20.26
  0.039893347 0.179748344 0.512104803 4.879748476 20.26
  0.039893347 0.179748344 0.512104803 4.879748476 20.26
#  Capelin
  0.01 0.03 0.8 1.5 3
  0.01 0.03 0.8 1.5 3
  0.01 0.03 0.8 1.5 3
  0.01 0.03 0.8 1.5 3
  0.01 0.03 0.8 1.5 3
  0.01 0.03 0.8 1.5 3
  0.01 0.03 0.8 1.5 3
  0.01 0.03 0.8 1.5 3
  0.01 0.03 0.8 1.5 3
  0.01 0.03 0.8 1.5 3
  0.01 0.03 0.8 1.5 3
  0.01 0.03 0.8 1.5 3
  0.01 0.03 0.8 1.5 3
  0.01 0.03 0.8 1.5 3
  0.01 0.03 0.8 1.5 3
  0.01 0.03 0.8 1.5 3
  0.01 0.03 0.8 1.5 3
  0.01 0.03 0.8 1.5 3
  0.01 0.03 0.8 1.5 3
  0.01 0.03 0.8 1.5 3
  0.01 0.03 0.8 1.5 3
  0.01 0.03 0.8 1.5 3
  0.01 0.03 0.8 1.5 3
  0.01 0.03 0.8 1.5 3
  0.01 0.03 0.8 1.5 3
  0.01 0.03 0.8 1.5 3
  0.01 0.03 0.8 1.5 3
  0.01 0.03 0.8 1.5 3
  0.01 0.03 0.8 1.5 3
  0.01 0.03 0.8 1.5 3
  0.01 0.03 0.8 1.5 3
  0.01 0.03 0.8 1.5 3
  0.01 0.03 0.8 1.5 3
  0.01 0.03 0.8 1.5 3
  0.01 0.03 0.8 1.5 3
  0.01 0.03 0.8 1.5 3
  0.01 0.03 0.8 1.5 3
  0.01 0.03 0.8 1.5 3
  0.01 0.03 0.8 1.5 3
  0.01 0.03 0.8 1.5 3
  0.01 0.03 0.8 1.5 3
  0.01 0.03 0.8 1.5 3
  0.01 0.03 0.8 1.5 3
  0.01 0.03 0.8 1.5 3
  0.01 0.03 0.8 1.5 3
  0.01 0.03 0.8 1.5 3
  0.01 0.03 0.8 1.5 3
  0.01 0.03 0.8 1.5 3
  0.01 0.03 0.8 1.5 3
  0.01 0.03 0.8 1.5 3
  0.01 0.03 0.8 1.5 3
  0.01 0.03 0.8 1.5 3
  0.01 0.03 0.8 1.5 3
  0.01 0.03 0.8 1.5 3
  0.01 0.03 0.8 1.5 3
  0.01 0.03 0.8 1.5 3
  0.01 0.03 0.8 1.5 3
  0.01 0.03 0.8 1.5 3
  0.01 0.03 0.8 1.5 3
  0.01 0.03 0.8 1.5 3
  0.01 0.03 0.8 1.5 3
  0.01 0.03 0.8 1.5 3
  0.01 0.03 0.8 1.5 3
  0.01 0.03 0.8 1.5 3
  0.01 0.03 0.8 1.5 3
  0.01 0.03 0.8 1.5 3
  0.01 0.03 0.8 1.5 3
  0.01 0.03 0.8 1.5 3
  0.01 0.03 0.8 1.5 3
  0.01 0.03 0.8 1.5 3
  0.01 0.03 0.8 1.5 3
  0.01 0.03 0.8 1.5 3
  0.01 0.03 0.8 1.5 3
  0.01 0.03 0.8 1.5 3
  0.01 0.03 0.8 1.5 3
  0.01 0.03 0.8 1.5 3
  0.01 0.03 0.8 1.5 3
  0.01 0.03 0.8 1.5 3
  0.01 0.03 0.8 1.5 3
  0.01 0.03 0.8 1.5 3
  0.01 0.03 0.8 1.5 3
  0.01 0.03 0.8 1.5 3
  0.01 0.03 0.8 1.5 3
  0.01 0.03 0.8 1.5 3
  0.01 0.03 0.8 1.5 3
  0.01 0.03 0.8 1.5 3
  0.01 0.03 0.8 1.5 3
  0.01 0.03 0.8 1.5 3
  0.01 0.03 0.8 1.5 3
  0.01 0.03 0.8 1.5 3
  0.01 0.03 0.8 1.5 3
  0.01 0.03 0.8 1.5 3
  0.01 0.03 0.8 1.5 3
  0.01 0.03 0.8 1.5 3
  0.01 0.03 0.8 1.5 3
  0.01 0.03 0.8 1.5 3
  0.01 0.03 0.8 1.5 3
  0.01 0.03 0.8 1.5 3
  0.01 0.03 0.8 1.5 3
  0.01 0.03 0.8 1.5 3
  0.01 0.03 0.8 1.5 3
  0.01 0.03 0.8 1.5 3
  0.01 0.03 0.8 1.5 3
  0.01 0.03 0.8 1.5 3
  0.01 0.03 0.8 1.5 3
  0.01 0.03 0.8 1.5 3
  0.01 0.03 0.8 1.5 3
  0.01 0.03 0.8 1.5 3
  0.01 0.03 0.8 1.5 3
  0.01 0.03 0.8 1.5 3
  0.01 0.03 0.8 1.5 3
  0.01 0.03 0.8 1.5 3
  0.01 0.03 0.8 1.5 3
  0.01 0.03 0.8 1.5 3
  0.01 0.03 0.8 1.5 3
  0.01 0.03 0.8 1.5 3
  0.01 0.03 0.8 1.5 3
  0.01 0.03 0.8 1.5 3
  0.01 0.03 0.8 1.5 3
  0.01 0.03 0.8 1.5 3
  0.01 0.03 0.8 1.5 3
  0.01 0.03 0.8 1.5 3
  0.01 0.03 0.8 1.5 3
  0.01 0.03 0.8 1.5 3
  0.01 0.03 0.8 1.5 3
  0.01 0.03 0.8 1.5 3
  0.01 0.03 0.8 1.5 3
  0.01 0.03 0.8 1.5 3
  0.01 0.03 0.8 1.5 3
  0.01 0.03 0.8 1.5 3
  0.01 0.03 0.8 1.5 3
  0.01 0.03 0.8 1.5 3
  0.01 0.03 0.8 1.5 3
  0.01 0.03 0.8 1.5 3
  0.01 0.03 0.8 1.5 3
  0.01 0.03 0.8 1.5 3
  0.01 0.03 0.8 1.5 3
  0.01 0.03 0.8 1.5 3
  0.01 0.03 0.8 1.5 3
  0.01 0.03 0.8 1.5 3
  0.01 0.03 0.8 1.5 3
  0.01 0.03 0.8 1.5 3
  0.01 0.03 0.8 1.5 3
  0.01 0.03 0.8 1.5 3
#  Green_halibut
  0.090189781 1.952671779 9.334322368 28.80493233 77.55885308
  0.090189781 1.952671779 9.334322368 28.80493233 77.55885308
  0.090189781 1.952671779 9.334322368 28.80493233 77.55885308
  0.090189781 1.952671779 9.334322368 28.80493233 77.55885308
  0.090189781 1.952671779 9.334322368 28.80493233 77.55885308
  0.090189781 1.952671779 9.334322368 28.80493233 77.55885308
  0.090189781 1.952671779 9.334322368 28.80493233 77.55885308
  0.090189781 1.952671779 9.334322368 28.80493233 77.55885308
  0.090189781 1.952671779 9.334322368 28.80493233 77.55885308
  0.090189781 1.952671779 9.334322368 28.80493233 77.55885308
  0.090189781 1.952671779 9.334322368 28.80493233 77.55885308
  0.090189781 1.952671779 9.334322368 28.80493233 77.55885308
  0.090189781 1.952671779 9.334322368 28.80493233 77.55885308
  0.090189781 1.952671779 9.334322368 28.80493233 77.55885308
  0.090189781 1.952671779 9.334322368 28.80493233 77.55885308
  0.090189781 1.952671779 9.334322368 28.80493233 77.55885308
  0.090189781 1.952671779 9.334322368 28.80493233 77.55885308
  0.090189781 1.952671779 9.334322368 28.80493233 77.55885308
  0.090189781 1.952671779 9.334322368 28.80493233 77.55885308
  0.090189781 1.952671779 9.334322368 28.80493233 77.55885308
  0.090189781 1.952671779 9.334322368 28.80493233 77.55885308
  0.090189781 1.952671779 9.334322368 28.80493233 77.55885308
  0.090189781 1.952671779 9.334322368 28.80493233 77.55885308
  0.090189781 1.952671779 9.334322368 28.80493233 77.55885308
  0.090189781 1.952671779 9.334322368 28.80493233 77.55885308
  0.090189781 1.952671779 9.334322368 28.80493233 77.55885308
  0.090189781 1.952671779 9.334322368 28.80493233 77.55885308
  0.090189781 1.952671779 9.334322368 28.80493233 77.55885308
  0.090189781 1.952671779 9.334322368 28.80493233 77.55885308
  0.090189781 1.952671779 9.334322368 28.80493233 77.55885308
  0.090189781 1.952671779 9.334322368 28.80493233 77.55885308
  0.090189781 1.952671779 9.334322368 28.80493233 77.55885308
  0.090189781 1.952671779 9.334322368 28.80493233 77.55885308
  0.090189781 1.952671779 9.334322368 28.80493233 77.55885308
  0.090189781 1.952671779 9.334322368 28.80493233 77.55885308
  0.090189781 1.952671779 9.334322368 28.80493233 77.55885308
  0.090189781 1.952671779 9.334322368 28.80493233 77.55885308
  0.090189781 1.952671779 9.334322368 28.80493233 77.55885308
  0.090189781 1.952671779 9.334322368 28.80493233 77.55885308
  0.090189781 1.952671779 9.334322368 28.80493233 77.55885308
  0.090189781 1.952671779 9.334322368 28.80493233 77.55885308
  0.090189781 1.952671779 9.334322368 28.80493233 77.55885308
  0.090189781 1.952671779 9.334322368 28.80493233 77.55885308
  0.090189781 1.952671779 9.334322368 28.80493233 77.55885308
  0.090189781 1.952671779 9.334322368 28.80493233 77.55885308
  0.090189781 1.952671779 9.334322368 28.80493233 77.55885308
  0.090189781 1.952671779 9.334322368 28.80493233 77.55885308
  0.090189781 1.952671779 9.334322368 28.80493233 77.55885308
  0.090189781 1.952671779 9.334322368 28.80493233 77.55885308
  0.090189781 1.952671779 9.334322368 28.80493233 77.55885308
  0.090189781 1.952671779 9.334322368 28.80493233 77.55885308
  0.090189781 1.952671779 9.334322368 28.80493233 77.55885308
  0.090189781 1.952671779 9.334322368 28.80493233 77.55885308
  0.090189781 1.952671779 9.334322368 28.80493233 77.55885308
  0.090189781 1.952671779 9.334322368 28.80493233 77.55885308
  0.090189781 1.952671779 9.334322368 28.80493233 77.55885308
  0.090189781 1.952671779 9.334322368 28.80493233 77.55885308
  0.090189781 1.952671779 9.334322368 28.80493233 77.55885308
  0.090189781 1.952671779 9.334322368 28.80493233 77.55885308
  0.090189781 1.952671779 9.334322368 28.80493233 77.55885308
  0.090189781 1.952671779 9.334322368 28.80493233 77.55885308
  0.090189781 1.952671779 9.334322368 28.80493233 77.55885308
  0.090189781 1.952671779 9.334322368 28.80493233 77.55885308
  0.090189781 1.952671779 9.334322368 28.80493233 77.55885308
  0.090189781 1.952671779 9.334322368 28.80493233 77.55885308
  0.090189781 1.952671779 9.334322368 28.80493233 77.55885308
  0.090189781 1.952671779 9.334322368 28.80493233 77.55885308
  0.090189781 1.952671779 9.334322368 28.80493233 77.55885308
  0.090189781 1.952671779 9.334322368 28.80493233 77.55885308
  0.090189781 1.952671779 9.334322368 28.80493233 77.55885308
  0.090189781 1.952671779 9.334322368 28.80493233 77.55885308
  0.090189781 1.952671779 9.334322368 28.80493233 77.55885308
  0.090189781 1.952671779 9.334322368 28.80493233 77.55885308
  0.090189781 1.952671779 9.334322368 28.80493233 77.55885308
  0.090189781 1.952671779 9.334322368 28.80493233 77.55885308
  0.090189781 1.952671779 9.334322368 28.80493233 77.55885308
  0.090189781 1.952671779 9.334322368 28.80493233 77.55885308
  0.090189781 1.952671779 9.334322368 28.80493233 77.55885308
  0.090189781 1.952671779 9.334322368 28.80493233 77.55885308
  0.090189781 1.952671779 9.334322368 28.80493233 77.55885308
  0.090189781 1.952671779 9.334322368 28.80493233 77.55885308
  0.090189781 1.952671779 9.334322368 28.80493233 77.55885308
  0.090189781 1.952671779 9.334322368 28.80493233 77.55885308
  0.090189781 1.952671779 9.334322368 28.80493233 77.55885308
  0.090189781 1.952671779 9.334322368 28.80493233 77.55885308
  0.090189781 1.952671779 9.334322368 28.80493233 77.55885308
  0.090189781 1.952671779 9.334322368 28.80493233 77.55885308
  0.090189781 1.952671779 9.334322368 28.80493233 77.55885308
  0.090189781 1.952671779 9.334322368 28.80493233 77.55885308
  0.090189781 1.952671779 9.334322368 28.80493233 77.55885308
  0.090189781 1.952671779 9.334322368 28.80493233 77.55885308
  0.090189781 1.952671779 9.334322368 28.80493233 77.55885308
  0.090189781 1.952671779 9.334322368 28.80493233 77.55885308
  0.090189781 1.952671779 9.334322368 28.80493233 77.55885308
  0.090189781 1.952671779 9.334322368 28.80493233 77.55885308
  0.090189781 1.952671779 9.334322368 28.80493233 77.55885308
  0.090189781 1.952671779 9.334322368 28.80493233 77.55885308
  0.090189781 1.952671779 9.334322368 28.80493233 77.55885308
  0.090189781 1.952671779 9.334322368 28.80493233 77.55885308
  0.090189781 1.952671779 9.334322368 28.80493233 77.55885308
  0.090189781 1.952671779 9.334322368 28.80493233 77.55885308
  0.090189781 1.952671779 9.334322368 28.80493233 77.55885308
  0.090189781 1.952671779 9.334322368 28.80493233 77.55885308
  0.090189781 1.952671779 9.334322368 28.80493233 77.55885308
  0.090189781 1.952671779 9.334322368 28.80493233 77.55885308
  0.090189781 1.952671779 9.334322368 28.80493233 77.55885308
  0.090189781 1.952671779 9.334322368 28.80493233 77.55885308
  0.090189781 1.952671779 9.334322368 28.80493233 77.55885308
  0.090189781 1.952671779 9.334322368 28.80493233 77.55885308
  0.090189781 1.952671779 9.334322368 28.80493233 77.55885308
  0.090189781 1.952671779 9.334322368 28.80493233 77.55885308
  0.090189781 1.952671779 9.334322368 28.80493233 77.55885308
  0.090189781 1.952671779 9.334322368 28.80493233 77.55885308
  0.090189781 1.952671779 9.334322368 28.80493233 77.55885308
  0.090189781 1.952671779 9.334322368 28.80493233 77.55885308
  0.090189781 1.952671779 9.334322368 28.80493233 77.55885308
  0.090189781 1.952671779 9.334322368 28.80493233 77.55885308
  0.090189781 1.952671779 9.334322368 28.80493233 77.55885308
  0.090189781 1.952671779 9.334322368 28.80493233 77.55885308
  0.090189781 1.952671779 9.334322368 28.80493233 77.55885308
  0.090189781 1.952671779 9.334322368 28.80493233 77.55885308
  0.090189781 1.952671779 9.334322368 28.80493233 77.55885308
  0.090189781 1.952671779 9.334322368 28.80493233 77.55885308
  0.090189781 1.952671779 9.334322368 28.80493233 77.55885308
  0.090189781 1.952671779 9.334322368 28.80493233 77.55885308
  0.090189781 1.952671779 9.334322368 28.80493233 77.55885308
  0.090189781 1.952671779 9.334322368 28.80493233 77.55885308
  0.090189781 1.952671779 9.334322368 28.80493233 77.55885308
  0.090189781 1.952671779 9.334322368 28.80493233 77.55885308
  0.090189781 1.952671779 9.334322368 28.80493233 77.55885308
  0.090189781 1.952671779 9.334322368 28.80493233 77.55885308
  0.090189781 1.952671779 9.334322368 28.80493233 77.55885308
  0.090189781 1.952671779 9.334322368 28.80493233 77.55885308
  0.090189781 1.952671779 9.334322368 28.80493233 77.55885308
  0.090189781 1.952671779 9.334322368 28.80493233 77.55885308
  0.090189781 1.952671779 9.334322368 28.80493233 77.55885308
  0.090189781 1.952671779 9.334322368 28.80493233 77.55885308
  0.090189781 1.952671779 9.334322368 28.80493233 77.55885308
  0.090189781 1.952671779 9.334322368 28.80493233 77.55885308
  0.090189781 1.952671779 9.334322368 28.80493233 77.55885308
  0.090189781 1.952671779 9.334322368 28.80493233 77.55885308
  0.090189781 1.952671779 9.334322368 28.80493233 77.55885308
  0.090189781 1.952671779 9.334322368 28.80493233 77.55885308
  0.090189781 1.952671779 9.334322368 28.80493233 77.55885308
#  Haddock
  0.031 0.096183673 0.939220418 3.915192982 12.07313904
  0.031 0.096183673 0.939220418 3.915192982 12.07313904
  0.031 0.096183673 0.939220418 3.915192982 12.07313904
  0.031 0.096183673 0.939220418 3.915192982 12.07313904
  0.031 0.096183673 0.939220418 3.915192982 12.07313904
  0.031 0.096183673 0.939220418 3.915192982 12.07313904
  0.031 0.096183673 0.939220418 3.915192982 12.07313904
  0.031 0.096183673 0.939220418 3.915192982 12.07313904
  0.031 0.096183673 0.939220418 3.915192982 12.07313904
  0.031 0.096183673 0.939220418 3.915192982 12.07313904
  0.031 0.096183673 0.939220418 3.915192982 12.07313904
  0.031 0.096183673 0.939220418 3.915192982 12.07313904
  0.031 0.096183673 0.939220418 3.915192982 12.07313904
  0.031 0.096183673 0.939220418 3.915192982 12.07313904
  0.031 0.096183673 0.939220418 3.915192982 12.07313904
  0.031 0.096183673 0.939220418 3.915192982 12.07313904
  0.031 0.096183673 0.939220418 3.915192982 12.07313904
  0.031 0.096183673 0.939220418 3.915192982 12.07313904
  0.031 0.096183673 0.939220418 3.915192982 12.07313904
  0.031 0.096183673 0.939220418 3.915192982 12.07313904
  0.031 0.096183673 0.939220418 3.915192982 12.07313904
  0.031 0.096183673 0.939220418 3.915192982 12.07313904
  0.031 0.096183673 0.939220418 3.915192982 12.07313904
  0.031 0.096183673 0.939220418 3.915192982 12.07313904
  0.031 0.096183673 0.939220418 3.915192982 12.07313904
  0.031 0.096183673 0.939220418 3.915192982 12.07313904
  0.031 0.096183673 0.939220418 3.915192982 12.07313904
  0.031 0.096183673 0.939220418 3.915192982 12.07313904
  0.031 0.096183673 0.939220418 3.915192982 12.07313904
  0.031 0.096183673 0.939220418 3.915192982 12.07313904
  0.031 0.096183673 0.939220418 3.915192982 12.07313904
  0.031 0.096183673 0.939220418 3.915192982 12.07313904
  0.031 0.096183673 0.939220418 3.915192982 12.07313904
  0.031 0.096183673 0.939220418 3.915192982 12.07313904
  0.031 0.096183673 0.939220418 3.915192982 12.07313904
  0.031 0.096183673 0.939220418 3.915192982 12.07313904
  0.031 0.096183673 0.939220418 3.915192982 12.07313904
  0.031 0.096183673 0.939220418 3.915192982 12.07313904
  0.031 0.096183673 0.939220418 3.915192982 12.07313904
  0.031 0.096183673 0.939220418 3.915192982 12.07313904
  0.031 0.096183673 0.939220418 3.915192982 12.07313904
  0.031 0.096183673 0.939220418 3.915192982 12.07313904
  0.031 0.096183673 0.939220418 3.915192982 12.07313904
  0.031 0.096183673 0.939220418 3.915192982 12.07313904
  0.031 0.096183673 0.939220418 3.915192982 12.07313904
  0.031 0.096183673 0.939220418 3.915192982 12.07313904
  0.031 0.096183673 0.939220418 3.915192982 12.07313904
  0.031 0.096183673 0.939220418 3.915192982 12.07313904
  0.031 0.096183673 0.939220418 3.915192982 12.07313904
  0.031 0.096183673 0.939220418 3.915192982 12.07313904
  0.031 0.096183673 0.939220418 3.915192982 12.07313904
  0.031 0.096183673 0.939220418 3.915192982 12.07313904
  0.031 0.096183673 0.939220418 3.915192982 12.07313904
  0.031 0.096183673 0.939220418 3.915192982 12.07313904
  0.031 0.096183673 0.939220418 3.915192982 12.07313904
  0.031 0.096183673 0.939220418 3.915192982 12.07313904
  0.031 0.096183673 0.939220418 3.915192982 12.07313904
  0.031 0.096183673 0.939220418 3.915192982 12.07313904
  0.031 0.096183673 0.939220418 3.915192982 12.07313904
  0.031 0.096183673 0.939220418 3.915192982 12.07313904
  0.031 0.096183673 0.939220418 3.915192982 12.07313904
  0.031 0.096183673 0.939220418 3.915192982 12.07313904
  0.031 0.096183673 0.939220418 3.915192982 12.07313904
  0.031 0.096183673 0.939220418 3.915192982 12.07313904
  0.031 0.096183673 0.939220418 3.915192982 12.07313904
  0.031 0.096183673 0.939220418 3.915192982 12.07313904
  0.031 0.096183673 0.939220418 3.915192982 12.07313904
  0.031 0.096183673 0.939220418 3.915192982 12.07313904
  0.031 0.096183673 0.939220418 3.915192982 12.07313904
  0.031 0.096183673 0.939220418 3.915192982 12.07313904
  0.031 0.096183673 0.939220418 3.915192982 12.07313904
  0.031 0.096183673 0.939220418 3.915192982 12.07313904
  0.031 0.096183673 0.939220418 3.915192982 12.07313904
  0.031 0.096183673 0.939220418 3.915192982 12.07313904
  0.031 0.096183673 0.939220418 3.915192982 12.07313904
  0.031 0.096183673 0.939220418 3.915192982 12.07313904
  0.031 0.096183673 0.939220418 3.915192982 12.07313904
  0.031 0.096183673 0.939220418 3.915192982 12.07313904
  0.031 0.096183673 0.939220418 3.915192982 12.07313904
  0.031 0.096183673 0.939220418 3.915192982 12.07313904
  0.031 0.096183673 0.939220418 3.915192982 12.07313904
  0.031 0.096183673 0.939220418 3.915192982 12.07313904
  0.031 0.096183673 0.939220418 3.915192982 12.07313904
  0.031 0.096183673 0.939220418 3.915192982 12.07313904
  0.031 0.096183673 0.939220418 3.915192982 12.07313904
  0.031 0.096183673 0.939220418 3.915192982 12.07313904
  0.031 0.096183673 0.939220418 3.915192982 12.07313904
  0.031 0.096183673 0.939220418 3.915192982 12.07313904
  0.031 0.096183673 0.939220418 3.915192982 12.07313904
  0.031 0.096183673 0.939220418 3.915192982 12.07313904
  0.031 0.096183673 0.939220418 3.915192982 12.07313904
  0.031 0.096183673 0.939220418 3.915192982 12.07313904
  0.031 0.096183673 0.939220418 3.915192982 12.07313904
  0.031 0.096183673 0.939220418 3.915192982 12.07313904
  0.031 0.096183673 0.939220418 3.915192982 12.07313904
  0.031 0.096183673 0.939220418 3.915192982 12.07313904
  0.031 0.096183673 0.939220418 3.915192982 12.07313904
  0.031 0.096183673 0.939220418 3.915192982 12.07313904
  0.031 0.096183673 0.939220418 3.915192982 12.07313904
  0.031 0.096183673 0.939220418 3.915192982 12.07313904
  0.031 0.096183673 0.939220418 3.915192982 12.07313904
  0.031 0.096183673 0.939220418 3.915192982 12.07313904
  0.031 0.096183673 0.939220418 3.915192982 12.07313904
  0.031 0.096183673 0.939220418 3.915192982 12.07313904
  0.031 0.096183673 0.939220418 3.915192982 12.07313904
  0.031 0.096183673 0.939220418 3.915192982 12.07313904
  0.031 0.096183673 0.939220418 3.915192982 12.07313904
  0.031 0.096183673 0.939220418 3.915192982 12.07313904
  0.031 0.096183673 0.939220418 3.915192982 12.07313904
  0.031 0.096183673 0.939220418 3.915192982 12.07313904
  0.031 0.096183673 0.939220418 3.915192982 12.07313904
  0.031 0.096183673 0.939220418 3.915192982 12.07313904
  0.031 0.096183673 0.939220418 3.915192982 12.07313904
  0.031 0.096183673 0.939220418 3.915192982 12.07313904
  0.031 0.096183673 0.939220418 3.915192982 12.07313904
  0.031 0.096183673 0.939220418 3.915192982 12.07313904
  0.031 0.096183673 0.939220418 3.915192982 12.07313904
  0.031 0.096183673 0.939220418 3.915192982 12.07313904
  0.031 0.096183673 0.939220418 3.915192982 12.07313904
  0.031 0.096183673 0.939220418 3.915192982 12.07313904
  0.031 0.096183673 0.939220418 3.915192982 12.07313904
  0.031 0.096183673 0.939220418 3.915192982 12.07313904
  0.031 0.096183673 0.939220418 3.915192982 12.07313904
  0.031 0.096183673 0.939220418 3.915192982 12.07313904
  0.031 0.096183673 0.939220418 3.915192982 12.07313904
  0.031 0.096183673 0.939220418 3.915192982 12.07313904
  0.031 0.096183673 0.939220418 3.915192982 12.07313904
  0.031 0.096183673 0.939220418 3.915192982 12.07313904
  0.031 0.096183673 0.939220418 3.915192982 12.07313904
  0.031 0.096183673 0.939220418 3.915192982 12.07313904
  0.031 0.096183673 0.939220418 3.915192982 12.07313904
  0.031 0.096183673 0.939220418 3.915192982 12.07313904
  0.031 0.096183673 0.939220418 3.915192982 12.07313904
  0.031 0.096183673 0.939220418 3.915192982 12.07313904
  0.031 0.096183673 0.939220418 3.915192982 12.07313904
  0.031 0.096183673 0.939220418 3.915192982 12.07313904
  0.031 0.096183673 0.939220418 3.915192982 12.07313904
  0.031 0.096183673 0.939220418 3.915192982 12.07313904
  0.031 0.096183673 0.939220418 3.915192982 12.07313904
  0.031 0.096183673 0.939220418 3.915192982 12.07313904
  0.031 0.096183673 0.939220418 3.915192982 12.07313904
  0.031 0.096183673 0.939220418 3.915192982 12.07313904
  0.031 0.096183673 0.939220418 3.915192982 12.07313904
  0.031 0.096183673 0.939220418 3.915192982 12.07313904
#  Long_rough_dab
  0.016072464 0.086965517 0.237958824 0.442743017 1.583142857
  0.016072464 0.086965517 0.237958824 0.442743017 1.583142857
  0.016072464 0.086965517 0.237958824 0.442743017 1.583142857
  0.016072464 0.086965517 0.237958824 0.442743017 1.583142857
  0.016072464 0.086965517 0.237958824 0.442743017 1.583142857
  0.016072464 0.086965517 0.237958824 0.442743017 1.583142857
  0.016072464 0.086965517 0.237958824 0.442743017 1.583142857
  0.016072464 0.086965517 0.237958824 0.442743017 1.583142857
  0.016072464 0.086965517 0.237958824 0.442743017 1.583142857
  0.016072464 0.086965517 0.237958824 0.442743017 1.583142857
  0.016072464 0.086965517 0.237958824 0.442743017 1.583142857
  0.016072464 0.086965517 0.237958824 0.442743017 1.583142857
  0.016072464 0.086965517 0.237958824 0.442743017 1.583142857
  0.016072464 0.086965517 0.237958824 0.442743017 1.583142857
  0.016072464 0.086965517 0.237958824 0.442743017 1.583142857
  0.016072464 0.086965517 0.237958824 0.442743017 1.583142857
  0.016072464 0.086965517 0.237958824 0.442743017 1.583142857
  0.016072464 0.086965517 0.237958824 0.442743017 1.583142857
  0.016072464 0.086965517 0.237958824 0.442743017 1.583142857
  0.016072464 0.086965517 0.237958824 0.442743017 1.583142857
  0.016072464 0.086965517 0.237958824 0.442743017 1.583142857
  0.016072464 0.086965517 0.237958824 0.442743017 1.583142857
  0.016072464 0.086965517 0.237958824 0.442743017 1.583142857
  0.016072464 0.086965517 0.237958824 0.442743017 1.583142857
  0.016072464 0.086965517 0.237958824 0.442743017 1.583142857
  0.016072464 0.086965517 0.237958824 0.442743017 1.583142857
  0.016072464 0.086965517 0.237958824 0.442743017 1.583142857
  0.016072464 0.086965517 0.237958824 0.442743017 1.583142857
  0.016072464 0.086965517 0.237958824 0.442743017 1.583142857
  0.016072464 0.086965517 0.237958824 0.442743017 1.583142857
  0.016072464 0.086965517 0.237958824 0.442743017 1.583142857
  0.016072464 0.086965517 0.237958824 0.442743017 1.583142857
  0.016072464 0.086965517 0.237958824 0.442743017 1.583142857
  0.016072464 0.086965517 0.237958824 0.442743017 1.583142857
  0.016072464 0.086965517 0.237958824 0.442743017 1.583142857
  0.016072464 0.086965517 0.237958824 0.442743017 1.583142857
  0.016072464 0.086965517 0.237958824 0.442743017 1.583142857
  0.016072464 0.086965517 0.237958824 0.442743017 1.583142857
  0.016072464 0.086965517 0.237958824 0.442743017 1.583142857
  0.016072464 0.086965517 0.237958824 0.442743017 1.583142857
  0.016072464 0.086965517 0.237958824 0.442743017 1.583142857
  0.016072464 0.086965517 0.237958824 0.442743017 1.583142857
  0.016072464 0.086965517 0.237958824 0.442743017 1.583142857
  0.016072464 0.086965517 0.237958824 0.442743017 1.583142857
  0.016072464 0.086965517 0.237958824 0.442743017 1.583142857
  0.016072464 0.086965517 0.237958824 0.442743017 1.583142857
  0.016072464 0.086965517 0.237958824 0.442743017 1.583142857
  0.016072464 0.086965517 0.237958824 0.442743017 1.583142857
  0.016072464 0.086965517 0.237958824 0.442743017 1.583142857
  0.016072464 0.086965517 0.237958824 0.442743017 1.583142857
  0.016072464 0.086965517 0.237958824 0.442743017 1.583142857
  0.016072464 0.086965517 0.237958824 0.442743017 1.583142857
  0.016072464 0.086965517 0.237958824 0.442743017 1.583142857
  0.016072464 0.086965517 0.237958824 0.442743017 1.583142857
  0.016072464 0.086965517 0.237958824 0.442743017 1.583142857
  0.016072464 0.086965517 0.237958824 0.442743017 1.583142857
  0.016072464 0.086965517 0.237958824 0.442743017 1.583142857
  0.016072464 0.086965517 0.237958824 0.442743017 1.583142857
  0.016072464 0.086965517 0.237958824 0.442743017 1.583142857
  0.016072464 0.086965517 0.237958824 0.442743017 1.583142857
  0.016072464 0.086965517 0.237958824 0.442743017 1.583142857
  0.016072464 0.086965517 0.237958824 0.442743017 1.583142857
  0.016072464 0.086965517 0.237958824 0.442743017 1.583142857
  0.016072464 0.086965517 0.237958824 0.442743017 1.583142857
  0.016072464 0.086965517 0.237958824 0.442743017 1.583142857
  0.016072464 0.086965517 0.237958824 0.442743017 1.583142857
  0.016072464 0.086965517 0.237958824 0.442743017 1.583142857
  0.016072464 0.086965517 0.237958824 0.442743017 1.583142857
  0.016072464 0.086965517 0.237958824 0.442743017 1.583142857
  0.016072464 0.086965517 0.237958824 0.442743017 1.583142857
  0.016072464 0.086965517 0.237958824 0.442743017 1.583142857
  0.016072464 0.086965517 0.237958824 0.442743017 1.583142857
  0.016072464 0.086965517 0.237958824 0.442743017 1.583142857
  0.016072464 0.086965517 0.237958824 0.442743017 1.583142857
  0.016072464 0.086965517 0.237958824 0.442743017 1.583142857
  0.016072464 0.086965517 0.237958824 0.442743017 1.583142857
  0.016072464 0.086965517 0.237958824 0.442743017 1.583142857
  0.016072464 0.086965517 0.237958824 0.442743017 1.583142857
  0.016072464 0.086965517 0.237958824 0.442743017 1.583142857
  0.016072464 0.086965517 0.237958824 0.442743017 1.583142857
  0.016072464 0.086965517 0.237958824 0.442743017 1.583142857
  0.016072464 0.086965517 0.237958824 0.442743017 1.583142857
  0.016072464 0.086965517 0.237958824 0.442743017 1.583142857
  0.016072464 0.086965517 0.237958824 0.442743017 1.583142857
  0.016072464 0.086965517 0.237958824 0.442743017 1.583142857
  0.016072464 0.086965517 0.237958824 0.442743017 1.583142857
  0.016072464 0.086965517 0.237958824 0.442743017 1.583142857
  0.016072464 0.086965517 0.237958824 0.442743017 1.583142857
  0.016072464 0.086965517 0.237958824 0.442743017 1.583142857
  0.016072464 0.086965517 0.237958824 0.442743017 1.583142857
  0.016072464 0.086965517 0.237958824 0.442743017 1.583142857
  0.016072464 0.086965517 0.237958824 0.442743017 1.583142857
  0.016072464 0.086965517 0.237958824 0.442743017 1.583142857
  0.016072464 0.086965517 0.237958824 0.442743017 1.583142857
  0.016072464 0.086965517 0.237958824 0.442743017 1.583142857
  0.016072464 0.086965517 0.237958824 0.442743017 1.583142857
  0.016072464 0.086965517 0.237958824 0.442743017 1.583142857
  0.016072464 0.086965517 0.237958824 0.442743017 1.583142857
  0.016072464 0.086965517 0.237958824 0.442743017 1.583142857
  0.016072464 0.086965517 0.237958824 0.442743017 1.583142857
  0.016072464 0.086965517 0.237958824 0.442743017 1.583142857
  0.016072464 0.086965517 0.237958824 0.442743017 1.583142857
  0.016072464 0.086965517 0.237958824 0.442743017 1.583142857
  0.016072464 0.086965517 0.237958824 0.442743017 1.583142857
  0.016072464 0.086965517 0.237958824 0.442743017 1.583142857
  0.016072464 0.086965517 0.237958824 0.442743017 1.583142857
  0.016072464 0.086965517 0.237958824 0.442743017 1.583142857
  0.016072464 0.086965517 0.237958824 0.442743017 1.583142857
  0.016072464 0.086965517 0.237958824 0.442743017 1.583142857
  0.016072464 0.086965517 0.237958824 0.442743017 1.583142857
  0.016072464 0.086965517 0.237958824 0.442743017 1.583142857
  0.016072464 0.086965517 0.237958824 0.442743017 1.583142857
  0.016072464 0.086965517 0.237958824 0.442743017 1.583142857
  0.016072464 0.086965517 0.237958824 0.442743017 1.583142857
  0.016072464 0.086965517 0.237958824 0.442743017 1.583142857
  0.016072464 0.086965517 0.237958824 0.442743017 1.583142857
  0.016072464 0.086965517 0.237958824 0.442743017 1.583142857
  0.016072464 0.086965517 0.237958824 0.442743017 1.583142857
  0.016072464 0.086965517 0.237958824 0.442743017 1.583142857
  0.016072464 0.086965517 0.237958824 0.442743017 1.583142857
  0.016072464 0.086965517 0.237958824 0.442743017 1.583142857
  0.016072464 0.086965517 0.237958824 0.442743017 1.583142857
  0.016072464 0.086965517 0.237958824 0.442743017 1.583142857
  0.016072464 0.086965517 0.237958824 0.442743017 1.583142857
  0.016072464 0.086965517 0.237958824 0.442743017 1.583142857
  0.016072464 0.086965517 0.237958824 0.442743017 1.583142857
  0.016072464 0.086965517 0.237958824 0.442743017 1.583142857
  0.016072464 0.086965517 0.237958824 0.442743017 1.583142857
  0.016072464 0.086965517 0.237958824 0.442743017 1.583142857
  0.016072464 0.086965517 0.237958824 0.442743017 1.583142857
  0.016072464 0.086965517 0.237958824 0.442743017 1.583142857
  0.016072464 0.086965517 0.237958824 0.442743017 1.583142857
  0.016072464 0.086965517 0.237958824 0.442743017 1.583142857
  0.016072464 0.086965517 0.237958824 0.442743017 1.583142857
  0.016072464 0.086965517 0.237958824 0.442743017 1.583142857
  0.016072464 0.086965517 0.237958824 0.442743017 1.583142857
  0.016072464 0.086965517 0.237958824 0.442743017 1.583142857
  0.016072464 0.086965517 0.237958824 0.442743017 1.583142857
  0.016072464 0.086965517 0.237958824 0.442743017 1.583142857
  0.016072464 0.086965517 0.237958824 0.442743017 1.583142857
  0.016072464 0.086965517 0.237958824 0.442743017 1.583142857
  0.016072464 0.086965517 0.237958824 0.442743017 1.583142857
  0.016072464 0.086965517 0.237958824 0.442743017 1.583142857
  0.016072464 0.086965517 0.237958824 0.442743017 1.583142857
#  Mackerel
  0.01 0.08 1.3 2 3
  0.01 0.08 1.3 2 3
  0.01 0.08 1.3 2 3
  0.01 0.08 1.3 2 3
  0.01 0.08 1.3 2 3
  0.01 0.08 1.3 2 3
  0.01 0.08 1.3 2 3
  0.01 0.08 1.3 2 3
  0.01 0.08 1.3 2 3
  0.01 0.08 1.3 2 3
  0.01 0.08 1.3 2 3
  0.01 0.08 1.3 2 3
  0.01 0.08 1.3 2 3
  0.01 0.08 1.3 2 3
  0.01 0.08 1.3 2 3
  0.01 0.08 1.3 2 3
  0.01 0.08 1.3 2 3
  0.01 0.08 1.3 2 3
  0.01 0.08 1.3 2 3
  0.01 0.08 1.3 2 3
  0.01 0.08 1.3 2 3
  0.01 0.08 1.3 2 3
  0.01 0.08 1.3 2 3
  0.01 0.08 1.3 2 3
  0.01 0.08 1.3 2 3
  0.01 0.08 1.3 2 3
  0.01 0.08 1.3 2 3
  0.01 0.08 1.3 2 3
  0.01 0.08 1.3 2 3
  0.01 0.08 1.3 2 3
  0.01 0.08 1.3 2 3
  0.01 0.08 1.3 2 3
  0.01 0.08 1.3 2 3
  0.01 0.08 1.3 2 3
  0.01 0.08 1.3 2 3
  0.01 0.08 1.3 2 3
  0.01 0.08 1.3 2 3
  0.01 0.08 1.3 2 3
  0.01 0.08 1.3 2 3
  0.01 0.08 1.3 2 3
  0.01 0.08 1.3 2 3
  0.01 0.08 1.3 2 3
  0.01 0.08 1.3 2 3
  0.01 0.08 1.3 2 3
  0.01 0.08 1.3 2 3
  0.01 0.08 1.3 2 3
  0.01 0.08 1.3 2 3
  0.01 0.08 1.3 2 3
  0.01 0.08 1.3 2 3
  0.01 0.08 1.3 2 3
  0.01 0.08 1.3 2 3
  0.01 0.08 1.3 2 3
  0.01 0.08 1.3 2 3
  0.01 0.08 1.3 2 3
  0.01 0.08 1.3 2 3
  0.01 0.08 1.3 2 3
  0.01 0.08 1.3 2 3
  0.01 0.08 1.3 2 3
  0.01 0.08 1.3 2 3
  0.01 0.08 1.3 2 3
  0.01 0.08 1.3 2 3
  0.01 0.08 1.3 2 3
  0.01 0.08 1.3 2 3
  0.01 0.08 1.3 2 3
  0.01 0.08 1.3 2 3
  0.01 0.08 1.3 2 3
  0.01 0.08 1.3 2 3
  0.01 0.08 1.3 2 3
  0.01 0.08 1.3 2 3
  0.01 0.08 1.3 2 3
  0.01 0.08 1.3 2 3
  0.01 0.08 1.3 2 3
  0.01 0.08 1.3 2 3
  0.01 0.08 1.3 2 3
  0.01 0.08 1.3 2 3
  0.01 0.08 1.3 2 3
  0.01 0.08 1.3 2 3
  0.01 0.08 1.3 2 3
  0.01 0.08 1.3 2 3
  0.01 0.08 1.3 2 3
  0.01 0.08 1.3 2 3
  0.01 0.08 1.3 2 3
  0.01 0.08 1.3 2 3
  0.01 0.08 1.3 2 3
  0.01 0.08 1.3 2 3
  0.01 0.08 1.3 2 3
  0.01 0.08 1.3 2 3
  0.01 0.08 1.3 2 3
  0.01 0.08 1.3 2 3
  0.01 0.08 1.3 2 3
  0.01 0.08 1.3 2 3
  0.01 0.08 1.3 2 3
  0.01 0.08 1.3 2 3
  0.01 0.08 1.3 2 3
  0.01 0.08 1.3 2 3
  0.01 0.08 1.3 2 3
  0.01 0.08 1.3 2 3
  0.01 0.08 1.3 2 3
  0.01 0.08 1.3 2 3
  0.01 0.08 1.3 2 3
  0.01 0.08 1.3 2 3
  0.01 0.08 1.3 2 3
  0.01 0.08 1.3 2 3
  0.01 0.08 1.3 2 3
  0.01 0.08 1.3 2 3
  0.01 0.08 1.3 2 3
  0.01 0.08 1.3 2 3
  0.01 0.08 1.3 2 3
  0.01 0.08 1.3 2 3
  0.01 0.08 1.3 2 3
  0.01 0.08 1.3 2 3
  0.01 0.08 1.3 2 3
  0.01 0.08 1.3 2 3
  0.01 0.08 1.3 2 3
  0.01 0.08 1.3 2 3
  0.01 0.08 1.3 2 3
  0.01 0.08 1.3 2 3
  0.01 0.08 1.3 2 3
  0.01 0.08 1.3 2 3
  0.01 0.08 1.3 2 3
  0.01 0.08 1.3 2 3
  0.01 0.08 1.3 2 3
  0.01 0.08 1.3 2 3
  0.01 0.08 1.3 2 3
  0.01 0.08 1.3 2 3
  0.01 0.08 1.3 2 3
  0.01 0.08 1.3 2 3
  0.01 0.08 1.3 2 3
  0.01 0.08 1.3 2 3
  0.01 0.08 1.3 2 3
  0.01 0.08 1.3 2 3
  0.01 0.08 1.3 2 3
  0.01 0.08 1.3 2 3
  0.01 0.08 1.3 2 3
  0.01 0.08 1.3 2 3
  0.01 0.08 1.3 2 3
  0.01 0.08 1.3 2 3
  0.01 0.08 1.3 2 3
  0.01 0.08 1.3 2 3
  0.01 0.08 1.3 2 3
  0.01 0.08 1.3 2 3
  0.01 0.08 1.3 2 3
  0.01 0.08 1.3 2 3
  0.01 0.08 1.3 2 3
#  North_atl_cod
  0.035 0.103736364 1.952671779 18.42060702 84.48736889
  0.035 0.103736364 1.952671779 18.42060702 84.48736889
  0.035 0.103736364 1.952671779 18.42060702 84.48736889
  0.035 0.103736364 1.952671779 18.42060702 84.48736889
  0.035 0.103736364 1.952671779 18.42060702 84.48736889
  0.035 0.103736364 1.952671779 18.42060702 84.48736889
  0.035 0.103736364 1.952671779 18.42060702 84.48736889
  0.035 0.103736364 1.952671779 18.42060702 84.48736889
  0.035 0.103736364 1.952671779 18.42060702 84.48736889
  0.035 0.103736364 1.952671779 18.42060702 84.48736889
  0.035 0.103736364 1.952671779 18.42060702 84.48736889
  0.035 0.103736364 1.952671779 18.42060702 84.48736889
  0.035 0.103736364 1.952671779 18.42060702 84.48736889
  0.035 0.103736364 1.952671779 18.42060702 84.48736889
  0.035 0.103736364 1.952671779 18.42060702 84.48736889
  0.035 0.103736364 1.952671779 18.42060702 84.48736889
  0.035 0.103736364 1.952671779 18.42060702 84.48736889
  0.035 0.103736364 1.952671779 18.42060702 84.48736889
  0.035 0.103736364 1.952671779 18.42060702 84.48736889
  0.035 0.103736364 1.952671779 18.42060702 84.48736889
  0.035 0.103736364 1.952671779 18.42060702 84.48736889
  0.035 0.103736364 1.952671779 18.42060702 84.48736889
  0.035 0.103736364 1.952671779 18.42060702 84.48736889
  0.035 0.103736364 1.952671779 18.42060702 84.48736889
  0.035 0.103736364 1.952671779 18.42060702 84.48736889
  0.035 0.103736364 1.952671779 18.42060702 84.48736889
  0.035 0.103736364 1.952671779 18.42060702 84.48736889
  0.035 0.103736364 1.952671779 18.42060702 84.48736889
  0.035 0.103736364 1.952671779 18.42060702 84.48736889
  0.035 0.103736364 1.952671779 18.42060702 84.48736889
  0.035 0.103736364 1.952671779 18.42060702 84.48736889
  0.035 0.103736364 1.952671779 18.42060702 84.48736889
  0.035 0.103736364 1.952671779 18.42060702 84.48736889
  0.035 0.103736364 1.952671779 18.42060702 84.48736889
  0.035 0.103736364 1.952671779 18.42060702 84.48736889
  0.035 0.103736364 1.952671779 18.42060702 84.48736889
  0.035 0.103736364 1.952671779 18.42060702 84.48736889
  0.035 0.103736364 1.952671779 18.42060702 84.48736889
  0.035 0.103736364 1.952671779 18.42060702 84.48736889
  0.035 0.103736364 1.952671779 18.42060702 84.48736889
  0.035 0.103736364 1.952671779 18.42060702 84.48736889
  0.035 0.103736364 1.952671779 18.42060702 84.48736889
  0.035 0.103736364 1.952671779 18.42060702 84.48736889
  0.035 0.103736364 1.952671779 18.42060702 84.48736889
  0.035 0.103736364 1.952671779 18.42060702 84.48736889
  0.035 0.103736364 1.952671779 18.42060702 84.48736889
  0.035 0.103736364 1.952671779 18.42060702 84.48736889
  0.035 0.103736364 1.952671779 18.42060702 84.48736889
  0.035 0.103736364 1.952671779 18.42060702 84.48736889
  0.035 0.103736364 1.952671779 18.42060702 84.48736889
  0.035 0.103736364 1.952671779 18.42060702 84.48736889
  0.035 0.103736364 1.952671779 18.42060702 84.48736889
  0.035 0.103736364 1.952671779 18.42060702 84.48736889
  0.035 0.103736364 1.952671779 18.42060702 84.48736889
  0.035 0.103736364 1.952671779 18.42060702 84.48736889
  0.035 0.103736364 1.952671779 18.42060702 84.48736889
  0.035 0.103736364 1.952671779 18.42060702 84.48736889
  0.035 0.103736364 1.952671779 18.42060702 84.48736889
  0.035 0.103736364 1.952671779 18.42060702 84.48736889
  0.035 0.103736364 1.952671779 18.42060702 84.48736889
  0.035 0.103736364 1.952671779 18.42060702 84.48736889
  0.035 0.103736364 1.952671779 18.42060702 84.48736889
  0.035 0.103736364 1.952671779 18.42060702 84.48736889
  0.035 0.103736364 1.952671779 18.42060702 84.48736889
  0.035 0.103736364 1.952671779 18.42060702 84.48736889
  0.035 0.103736364 1.952671779 18.42060702 84.48736889
  0.035 0.103736364 1.952671779 18.42060702 84.48736889
  0.035 0.103736364 1.952671779 18.42060702 84.48736889
  0.035 0.103736364 1.952671779 18.42060702 84.48736889
  0.035 0.103736364 1.952671779 18.42060702 84.48736889
  0.035 0.103736364 1.952671779 18.42060702 84.48736889
  0.035 0.103736364 1.952671779 18.42060702 84.48736889
  0.035 0.103736364 1.952671779 18.42060702 84.48736889
  0.035 0.103736364 1.952671779 18.42060702 84.48736889
  0.035 0.103736364 1.952671779 18.42060702 84.48736889
  0.035 0.103736364 1.952671779 18.42060702 84.48736889
  0.035 0.103736364 1.952671779 18.42060702 84.48736889
  0.035 0.103736364 1.952671779 18.42060702 84.48736889
  0.035 0.103736364 1.952671779 18.42060702 84.48736889
  0.035 0.103736364 1.952671779 18.42060702 84.48736889
  0.035 0.103736364 1.952671779 18.42060702 84.48736889
  0.035 0.103736364 1.952671779 18.42060702 84.48736889
  0.035 0.103736364 1.952671779 18.42060702 84.48736889
  0.035 0.103736364 1.952671779 18.42060702 84.48736889
  0.035 0.103736364 1.952671779 18.42060702 84.48736889
  0.035 0.103736364 1.952671779 18.42060702 84.48736889
  0.035 0.103736364 1.952671779 18.42060702 84.48736889
  0.035 0.103736364 1.952671779 18.42060702 84.48736889
  0.035 0.103736364 1.952671779 18.42060702 84.48736889
  0.035 0.103736364 1.952671779 18.42060702 84.48736889
  0.035 0.103736364 1.952671779 18.42060702 84.48736889
  0.035 0.103736364 1.952671779 18.42060702 84.48736889
  0.035 0.103736364 1.952671779 18.42060702 84.48736889
  0.035 0.103736364 1.952671779 18.42060702 84.48736889
  0.035 0.103736364 1.952671779 18.42060702 84.48736889
  0.035 0.103736364 1.952671779 18.42060702 84.48736889
  0.035 0.103736364 1.952671779 18.42060702 84.48736889
  0.035 0.103736364 1.952671779 18.42060702 84.48736889
  0.035 0.103736364 1.952671779 18.42060702 84.48736889
  0.035 0.103736364 1.952671779 18.42060702 84.48736889
  0.035 0.103736364 1.952671779 18.42060702 84.48736889
  0.035 0.103736364 1.952671779 18.42060702 84.48736889
  0.035 0.103736364 1.952671779 18.42060702 84.48736889
  0.035 0.103736364 1.952671779 18.42060702 84.48736889
  0.035 0.103736364 1.952671779 18.42060702 84.48736889
  0.035 0.103736364 1.952671779 18.42060702 84.48736889
  0.035 0.103736364 1.952671779 18.42060702 84.48736889
  0.035 0.103736364 1.952671779 18.42060702 84.48736889
  0.035 0.103736364 1.952671779 18.42060702 84.48736889
  0.035 0.103736364 1.952671779 18.42060702 84.48736889
  0.035 0.103736364 1.952671779 18.42060702 84.48736889
  0.035 0.103736364 1.952671779 18.42060702 84.48736889
  0.035 0.103736364 1.952671779 18.42060702 84.48736889
  0.035 0.103736364 1.952671779 18.42060702 84.48736889
  0.035 0.103736364 1.952671779 18.42060702 84.48736889
  0.035 0.103736364 1.952671779 18.42060702 84.48736889
  0.035 0.103736364 1.952671779 18.42060702 84.48736889
  0.035 0.103736364 1.952671779 18.42060702 84.48736889
  0.035 0.103736364 1.952671779 18.42060702 84.48736889
  0.035 0.103736364 1.952671779 18.42060702 84.48736889
  0.035 0.103736364 1.952671779 18.42060702 84.48736889
  0.035 0.103736364 1.952671779 18.42060702 84.48736889
  0.035 0.103736364 1.952671779 18.42060702 84.48736889
  0.035 0.103736364 1.952671779 18.42060702 84.48736889
  0.035 0.103736364 1.952671779 18.42060702 84.48736889
  0.035 0.103736364 1.952671779 18.42060702 84.48736889
  0.035 0.103736364 1.952671779 18.42060702 84.48736889
  0.035 0.103736364 1.952671779 18.42060702 84.48736889
  0.035 0.103736364 1.952671779 18.42060702 84.48736889
  0.035 0.103736364 1.952671779 18.42060702 84.48736889
  0.035 0.103736364 1.952671779 18.42060702 84.48736889
  0.035 0.103736364 1.952671779 18.42060702 84.48736889
  0.035 0.103736364 1.952671779 18.42060702 84.48736889
  0.035 0.103736364 1.952671779 18.42060702 84.48736889
  0.035 0.103736364 1.952671779 18.42060702 84.48736889
  0.035 0.103736364 1.952671779 18.42060702 84.48736889
  0.035 0.103736364 1.952671779 18.42060702 84.48736889
  0.035 0.103736364 1.952671779 18.42060702 84.48736889
  0.035 0.103736364 1.952671779 18.42060702 84.48736889
  0.035 0.103736364 1.952671779 18.42060702 84.48736889
  0.035 0.103736364 1.952671779 18.42060702 84.48736889
  0.035 0.103736364 1.952671779 18.42060702 84.48736889
  0.035 0.103736364 1.952671779 18.42060702 84.48736889
  0.035 0.103736364 1.952671779 18.42060702 84.48736889
#  Norwegian_ssh
  0.01 0.03 0.8 1.5 3
  0.01 0.03 0.8 1.5 3
  0.01 0.03 0.8 1.5 3
  0.01 0.03 0.8 1.5 3
  0.01 0.03 0.8 1.5 3
  0.01 0.03 0.8 1.5 3
  0.01 0.03 0.8 1.5 3
  0.01 0.03 0.8 1.5 3
  0.01 0.03 0.8 1.5 3
  0.01 0.03 0.8 1.5 3
  0.01 0.03 0.8 1.5 3
  0.01 0.03 0.8 1.5 3
  0.01 0.03 0.8 1.5 3
  0.01 0.03 0.8 1.5 3
  0.01 0.03 0.8 1.5 3
  0.01 0.03 0.8 1.5 3
  0.01 0.03 0.8 1.5 3
  0.01 0.03 0.8 1.5 3
  0.01 0.03 0.8 1.5 3
  0.01 0.03 0.8 1.5 3
  0.01 0.03 0.8 1.5 3
  0.01 0.03 0.8 1.5 3
  0.01 0.03 0.8 1.5 3
  0.01 0.03 0.8 1.5 3
  0.01 0.03 0.8 1.5 3
  0.01 0.03 0.8 1.5 3
  0.01 0.03 0.8 1.5 3
  0.01 0.03 0.8 1.5 3
  0.01 0.03 0.8 1.5 3
  0.01 0.03 0.8 1.5 3
  0.01 0.03 0.8 1.5 3
  0.01 0.03 0.8 1.5 3
  0.01 0.03 0.8 1.5 3
  0.01 0.03 0.8 1.5 3
  0.01 0.03 0.8 1.5 3
  0.01 0.03 0.8 1.5 3
  0.01 0.03 0.8 1.5 3
  0.01 0.03 0.8 1.5 3
  0.01 0.03 0.8 1.5 3
  0.01 0.03 0.8 1.5 3
  0.01 0.03 0.8 1.5 3
  0.01 0.03 0.8 1.5 3
  0.01 0.03 0.8 1.5 3
  0.01 0.03 0.8 1.5 3
  0.01 0.03 0.8 1.5 3
  0.01 0.03 0.8 1.5 3
  0.01 0.03 0.8 1.5 3
  0.01 0.03 0.8 1.5 3
  0.01 0.03 0.8 1.5 3
  0.01 0.03 0.8 1.5 3
  0.01 0.03 0.8 1.5 3
  0.01 0.03 0.8 1.5 3
  0.01 0.03 0.8 1.5 3
  0.01 0.03 0.8 1.5 3
  0.01 0.03 0.8 1.5 3
  0.01 0.03 0.8 1.5 3
  0.01 0.03 0.8 1.5 3
  0.01 0.03 0.8 1.5 3
  0.01 0.03 0.8 1.5 3
  0.01 0.03 0.8 1.5 3
  0.01 0.03 0.8 1.5 3
  0.01 0.03 0.8 1.5 3
  0.01 0.03 0.8 1.5 3
  0.01 0.03 0.8 1.5 3
  0.01 0.03 0.8 1.5 3
  0.01 0.03 0.8 1.5 3
  0.01 0.03 0.8 1.5 3
  0.01 0.03 0.8 1.5 3
  0.01 0.03 0.8 1.5 3
  0.01 0.03 0.8 1.5 3
  0.01 0.03 0.8 1.5 3
  0.01 0.03 0.8 1.5 3
  0.01 0.03 0.8 1.5 3
  0.01 0.03 0.8 1.5 3
  0.01 0.03 0.8 1.5 3
  0.01 0.03 0.8 1.5 3
  0.01 0.03 0.8 1.5 3
  0.01 0.03 0.8 1.5 3
  0.01 0.03 0.8 1.5 3
  0.01 0.03 0.8 1.5 3
  0.01 0.03 0.8 1.5 3
  0.01 0.03 0.8 1.5 3
  0.01 0.03 0.8 1.5 3
  0.01 0.03 0.8 1.5 3
  0.01 0.03 0.8 1.5 3
  0.01 0.03 0.8 1.5 3
  0.01 0.03 0.8 1.5 3
  0.01 0.03 0.8 1.5 3
  0.01 0.03 0.8 1.5 3
  0.01 0.03 0.8 1.5 3
  0.01 0.03 0.8 1.5 3
  0.01 0.03 0.8 1.5 3
  0.01 0.03 0.8 1.5 3
  0.01 0.03 0.8 1.5 3
  0.01 0.03 0.8 1.5 3
  0.01 0.03 0.8 1.5 3
  0.01 0.03 0.8 1.5 3
  0.01 0.03 0.8 1.5 3
  0.01 0.03 0.8 1.5 3
  0.01 0.03 0.8 1.5 3
  0.01 0.03 0.8 1.5 3
  0.01 0.03 0.8 1.5 3
  0.01 0.03 0.8 1.5 3
  0.01 0.03 0.8 1.5 3
  0.01 0.03 0.8 1.5 3
  0.01 0.03 0.8 1.5 3
  0.01 0.03 0.8 1.5 3
  0.01 0.03 0.8 1.5 3
  0.01 0.03 0.8 1.5 3
  0.01 0.03 0.8 1.5 3
  0.01 0.03 0.8 1.5 3
  0.01 0.03 0.8 1.5 3
  0.01 0.03 0.8 1.5 3
  0.01 0.03 0.8 1.5 3
  0.01 0.03 0.8 1.5 3
  0.01 0.03 0.8 1.5 3
  0.01 0.03 0.8 1.5 3
  0.01 0.03 0.8 1.5 3
  0.01 0.03 0.8 1.5 3
  0.01 0.03 0.8 1.5 3
  0.01 0.03 0.8 1.5 3
  0.01 0.03 0.8 1.5 3
  0.01 0.03 0.8 1.5 3
  0.01 0.03 0.8 1.5 3
  0.01 0.03 0.8 1.5 3
  0.01 0.03 0.8 1.5 3
  0.01 0.03 0.8 1.5 3
  0.01 0.03 0.8 1.5 3
  0.01 0.03 0.8 1.5 3
  0.01 0.03 0.8 1.5 3
  0.01 0.03 0.8 1.5 3
  0.01 0.03 0.8 1.5 3
  0.01 0.03 0.8 1.5 3
  0.01 0.03 0.8 1.5 3
  0.01 0.03 0.8 1.5 3
  0.01 0.03 0.8 1.5 3
  0.01 0.03 0.8 1.5 3
  0.01 0.03 0.8 1.5 3
  0.01 0.03 0.8 1.5 3
  0.01 0.03 0.8 1.5 3
  0.01 0.03 0.8 1.5 3
  0.01 0.03 0.8 1.5 3
  0.01 0.03 0.8 1.5 3
  0.01 0.03 0.8 1.5 3
#  Polar_cod
  0.01 0.03 0.8 1.5 3
  0.01 0.03 0.8 1.5 3
  0.01 0.03 0.8 1.5 3
  0.01 0.03 0.8 1.5 3
  0.01 0.03 0.8 1.5 3
  0.01 0.03 0.8 1.5 3
  0.01 0.03 0.8 1.5 3
  0.01 0.03 0.8 1.5 3
  0.01 0.03 0.8 1.5 3
  0.01 0.03 0.8 1.5 3
  0.01 0.03 0.8 1.5 3
  0.01 0.03 0.8 1.5 3
  0.01 0.03 0.8 1.5 3
  0.01 0.03 0.8 1.5 3
  0.01 0.03 0.8 1.5 3
  0.01 0.03 0.8 1.5 3
  0.01 0.03 0.8 1.5 3
  0.01 0.03 0.8 1.5 3
  0.01 0.03 0.8 1.5 3
  0.01 0.03 0.8 1.5 3
  0.01 0.03 0.8 1.5 3
  0.01 0.03 0.8 1.5 3
  0.01 0.03 0.8 1.5 3
  0.01 0.03 0.8 1.5 3
  0.01 0.03 0.8 1.5 3
  0.01 0.03 0.8 1.5 3
  0.01 0.03 0.8 1.5 3
  0.01 0.03 0.8 1.5 3
  0.01 0.03 0.8 1.5 3
  0.01 0.03 0.8 1.5 3
  0.01 0.03 0.8 1.5 3
  0.01 0.03 0.8 1.5 3
  0.01 0.03 0.8 1.5 3
  0.01 0.03 0.8 1.5 3
  0.01 0.03 0.8 1.5 3
  0.01 0.03 0.8 1.5 3
  0.01 0.03 0.8 1.5 3
  0.01 0.03 0.8 1.5 3
  0.01 0.03 0.8 1.5 3
  0.01 0.03 0.8 1.5 3
  0.01 0.03 0.8 1.5 3
  0.01 0.03 0.8 1.5 3
  0.01 0.03 0.8 1.5 3
  0.01 0.03 0.8 1.5 3
  0.01 0.03 0.8 1.5 3
  0.01 0.03 0.8 1.5 3
  0.01 0.03 0.8 1.5 3
  0.01 0.03 0.8 1.5 3
  0.01 0.03 0.8 1.5 3
  0.01 0.03 0.8 1.5 3
  0.01 0.03 0.8 1.5 3
  0.01 0.03 0.8 1.5 3
  0.01 0.03 0.8 1.5 3
  0.01 0.03 0.8 1.5 3
  0.01 0.03 0.8 1.5 3
  0.01 0.03 0.8 1.5 3
  0.01 0.03 0.8 1.5 3
  0.01 0.03 0.8 1.5 3
  0.01 0.03 0.8 1.5 3
  0.01 0.03 0.8 1.5 3
  0.01 0.03 0.8 1.5 3
  0.01 0.03 0.8 1.5 3
  0.01 0.03 0.8 1.5 3
  0.01 0.03 0.8 1.5 3
  0.01 0.03 0.8 1.5 3
  0.01 0.03 0.8 1.5 3
  0.01 0.03 0.8 1.5 3
  0.01 0.03 0.8 1.5 3
  0.01 0.03 0.8 1.5 3
  0.01 0.03 0.8 1.5 3
  0.01 0.03 0.8 1.5 3
  0.01 0.03 0.8 1.5 3
  0.01 0.03 0.8 1.5 3
  0.01 0.03 0.8 1.5 3
  0.01 0.03 0.8 1.5 3
  0.01 0.03 0.8 1.5 3
  0.01 0.03 0.8 1.5 3
  0.01 0.03 0.8 1.5 3
  0.01 0.03 0.8 1.5 3
  0.01 0.03 0.8 1.5 3
  0.01 0.03 0.8 1.5 3
  0.01 0.03 0.8 1.5 3
  0.01 0.03 0.8 1.5 3
  0.01 0.03 0.8 1.5 3
  0.01 0.03 0.8 1.5 3
  0.01 0.03 0.8 1.5 3
  0.01 0.03 0.8 1.5 3
  0.01 0.03 0.8 1.5 3
  0.01 0.03 0.8 1.5 3
  0.01 0.03 0.8 1.5 3
  0.01 0.03 0.8 1.5 3
  0.01 0.03 0.8 1.5 3
  0.01 0.03 0.8 1.5 3
  0.01 0.03 0.8 1.5 3
  0.01 0.03 0.8 1.5 3
  0.01 0.03 0.8 1.5 3
  0.01 0.03 0.8 1.5 3
  0.01 0.03 0.8 1.5 3
  0.01 0.03 0.8 1.5 3
  0.01 0.03 0.8 1.5 3
  0.01 0.03 0.8 1.5 3
  0.01 0.03 0.8 1.5 3
  0.01 0.03 0.8 1.5 3
  0.01 0.03 0.8 1.5 3
  0.01 0.03 0.8 1.5 3
  0.01 0.03 0.8 1.5 3
  0.01 0.03 0.8 1.5 3
  0.01 0.03 0.8 1.5 3
  0.01 0.03 0.8 1.5 3
  0.01 0.03 0.8 1.5 3
  0.01 0.03 0.8 1.5 3
  0.01 0.03 0.8 1.5 3
  0.01 0.03 0.8 1.5 3
  0.01 0.03 0.8 1.5 3
  0.01 0.03 0.8 1.5 3
  0.01 0.03 0.8 1.5 3
  0.01 0.03 0.8 1.5 3
  0.01 0.03 0.8 1.5 3
  0.01 0.03 0.8 1.5 3
  0.01 0.03 0.8 1.5 3
  0.01 0.03 0.8 1.5 3
  0.01 0.03 0.8 1.5 3
  0.01 0.03 0.8 1.5 3
  0.01 0.03 0.8 1.5 3
  0.01 0.03 0.8 1.5 3
  0.01 0.03 0.8 1.5 3
  0.01 0.03 0.8 1.5 3
  0.01 0.03 0.8 1.5 3
  0.01 0.03 0.8 1.5 3
  0.01 0.03 0.8 1.5 3
  0.01 0.03 0.8 1.5 3
  0.01 0.03 0.8 1.5 3
  0.01 0.03 0.8 1.5 3
  0.01 0.03 0.8 1.5 3
  0.01 0.03 0.8 1.5 3
  0.01 0.03 0.8 1.5 3
  0.01 0.03 0.8 1.5 3
  0.01 0.03 0.8 1.5 3
  0.01 0.03 0.8 1.5 3
  0.01 0.03 0.8 1.5 3
  0.01 0.03 0.8 1.5 3
  0.01 0.03 0.8 1.5 3
  0.01 0.03 0.8 1.5 3
  0.01 0.03 0.8 1.5 3
#  Redfish
  0.031 0.096183673 0.939220418 3.915192982 12.07313904
  0.031 0.096183673 0.939220418 3.915192982 12.07313904
  0.031 0.096183673 0.939220418 3.915192982 12.07313904
  0.031 0.096183673 0.939220418 3.915192982 12.07313904
  0.031 0.096183673 0.939220418 3.915192982 12.07313904
  0.031 0.096183673 0.939220418 3.915192982 12.07313904
  0.031 0.096183673 0.939220418 3.915192982 12.07313904
  0.031 0.096183673 0.939220418 3.915192982 12.07313904
  0.031 0.096183673 0.939220418 3.915192982 12.07313904
  0.031 0.096183673 0.939220418 3.915192982 12.07313904
  0.031 0.096183673 0.939220418 3.915192982 12.07313904
  0.031 0.096183673 0.939220418 3.915192982 12.07313904
  0.031 0.096183673 0.939220418 3.915192982 12.07313904
  0.031 0.096183673 0.939220418 3.915192982 12.07313904
  0.031 0.096183673 0.939220418 3.915192982 12.07313904
  0.031 0.096183673 0.939220418 3.915192982 12.07313904
  0.031 0.096183673 0.939220418 3.915192982 12.07313904
  0.031 0.096183673 0.939220418 3.915192982 12.07313904
  0.031 0.096183673 0.939220418 3.915192982 12.07313904
  0.031 0.096183673 0.939220418 3.915192982 12.07313904
  0.031 0.096183673 0.939220418 3.915192982 12.07313904
  0.031 0.096183673 0.939220418 3.915192982 12.07313904
  0.031 0.096183673 0.939220418 3.915192982 12.07313904
  0.031 0.096183673 0.939220418 3.915192982 12.07313904
  0.031 0.096183673 0.939220418 3.915192982 12.07313904
  0.031 0.096183673 0.939220418 3.915192982 12.07313904
  0.031 0.096183673 0.939220418 3.915192982 12.07313904
  0.031 0.096183673 0.939220418 3.915192982 12.07313904
  0.031 0.096183673 0.939220418 3.915192982 12.07313904
  0.031 0.096183673 0.939220418 3.915192982 12.07313904
  0.031 0.096183673 0.939220418 3.915192982 12.07313904
  0.031 0.096183673 0.939220418 3.915192982 12.07313904
  0.031 0.096183673 0.939220418 3.915192982 12.07313904
  0.031 0.096183673 0.939220418 3.915192982 12.07313904
  0.031 0.096183673 0.939220418 3.915192982 12.07313904
  0.031 0.096183673 0.939220418 3.915192982 12.07313904
  0.031 0.096183673 0.939220418 3.915192982 12.07313904
  0.031 0.096183673 0.939220418 3.915192982 12.07313904
  0.031 0.096183673 0.939220418 3.915192982 12.07313904
  0.031 0.096183673 0.939220418 3.915192982 12.07313904
  0.031 0.096183673 0.939220418 3.915192982 12.07313904
  0.031 0.096183673 0.939220418 3.915192982 12.07313904
  0.031 0.096183673 0.939220418 3.915192982 12.07313904
  0.031 0.096183673 0.939220418 3.915192982 12.07313904
  0.031 0.096183673 0.939220418 3.915192982 12.07313904
  0.031 0.096183673 0.939220418 3.915192982 12.07313904
  0.031 0.096183673 0.939220418 3.915192982 12.07313904
  0.031 0.096183673 0.939220418 3.915192982 12.07313904
  0.031 0.096183673 0.939220418 3.915192982 12.07313904
  0.031 0.096183673 0.939220418 3.915192982 12.07313904
  0.031 0.096183673 0.939220418 3.915192982 12.07313904
  0.031 0.096183673 0.939220418 3.915192982 12.07313904
  0.031 0.096183673 0.939220418 3.915192982 12.07313904
  0.031 0.096183673 0.939220418 3.915192982 12.07313904
  0.031 0.096183673 0.939220418 3.915192982 12.07313904
  0.031 0.096183673 0.939220418 3.915192982 12.07313904
  0.031 0.096183673 0.939220418 3.915192982 12.07313904
  0.031 0.096183673 0.939220418 3.915192982 12.07313904
  0.031 0.096183673 0.939220418 3.915192982 12.07313904
  0.031 0.096183673 0.939220418 3.915192982 12.07313904
  0.031 0.096183673 0.939220418 3.915192982 12.07313904
  0.031 0.096183673 0.939220418 3.915192982 12.07313904
  0.031 0.096183673 0.939220418 3.915192982 12.07313904
  0.031 0.096183673 0.939220418 3.915192982 12.07313904
  0.031 0.096183673 0.939220418 3.915192982 12.07313904
  0.031 0.096183673 0.939220418 3.915192982 12.07313904
  0.031 0.096183673 0.939220418 3.915192982 12.07313904
  0.031 0.096183673 0.939220418 3.915192982 12.07313904
  0.031 0.096183673 0.939220418 3.915192982 12.07313904
  0.031 0.096183673 0.939220418 3.915192982 12.07313904
  0.031 0.096183673 0.939220418 3.915192982 12.07313904
  0.031 0.096183673 0.939220418 3.915192982 12.07313904
  0.031 0.096183673 0.939220418 3.915192982 12.07313904
  0.031 0.096183673 0.939220418 3.915192982 12.07313904
  0.031 0.096183673 0.939220418 3.915192982 12.07313904
  0.031 0.096183673 0.939220418 3.915192982 12.07313904
  0.031 0.096183673 0.939220418 3.915192982 12.07313904
  0.031 0.096183673 0.939220418 3.915192982 12.07313904
  0.031 0.096183673 0.939220418 3.915192982 12.07313904
  0.031 0.096183673 0.939220418 3.915192982 12.07313904
  0.031 0.096183673 0.939220418 3.915192982 12.07313904
  0.031 0.096183673 0.939220418 3.915192982 12.07313904
  0.031 0.096183673 0.939220418 3.915192982 12.07313904
  0.031 0.096183673 0.939220418 3.915192982 12.07313904
  0.031 0.096183673 0.939220418 3.915192982 12.07313904
  0.031 0.096183673 0.939220418 3.915192982 12.07313904
  0.031 0.096183673 0.939220418 3.915192982 12.07313904
  0.031 0.096183673 0.939220418 3.915192982 12.07313904
  0.031 0.096183673 0.939220418 3.915192982 12.07313904
  0.031 0.096183673 0.939220418 3.915192982 12.07313904
  0.031 0.096183673 0.939220418 3.915192982 12.07313904
  0.031 0.096183673 0.939220418 3.915192982 12.07313904
  0.031 0.096183673 0.939220418 3.915192982 12.07313904
  0.031 0.096183673 0.939220418 3.915192982 12.07313904
  0.031 0.096183673 0.939220418 3.915192982 12.07313904
  0.031 0.096183673 0.939220418 3.915192982 12.07313904
  0.031 0.096183673 0.939220418 3.915192982 12.07313904
  0.031 0.096183673 0.939220418 3.915192982 12.07313904
  0.031 0.096183673 0.939220418 3.915192982 12.07313904
  0.031 0.096183673 0.939220418 3.915192982 12.07313904
  0.031 0.096183673 0.939220418 3.915192982 12.07313904
  0.031 0.096183673 0.939220418 3.915192982 12.07313904
  0.031 0.096183673 0.939220418 3.915192982 12.07313904
  0.031 0.096183673 0.939220418 3.915192982 12.07313904
  0.031 0.096183673 0.939220418 3.915192982 12.07313904
  0.031 0.096183673 0.939220418 3.915192982 12.07313904
  0.031 0.096183673 0.939220418 3.915192982 12.07313904
  0.031 0.096183673 0.939220418 3.915192982 12.07313904
  0.031 0.096183673 0.939220418 3.915192982 12.07313904
  0.031 0.096183673 0.939220418 3.915192982 12.07313904
  0.031 0.096183673 0.939220418 3.915192982 12.07313904
  0.031 0.096183673 0.939220418 3.915192982 12.07313904
  0.031 0.096183673 0.939220418 3.915192982 12.07313904
  0.031 0.096183673 0.939220418 3.915192982 12.07313904
  0.031 0.096183673 0.939220418 3.915192982 12.07313904
  0.031 0.096183673 0.939220418 3.915192982 12.07313904
  0.031 0.096183673 0.939220418 3.915192982 12.07313904
  0.031 0.096183673 0.939220418 3.915192982 12.07313904
  0.031 0.096183673 0.939220418 3.915192982 12.07313904
  0.031 0.096183673 0.939220418 3.915192982 12.07313904
  0.031 0.096183673 0.939220418 3.915192982 12.07313904
  0.031 0.096183673 0.939220418 3.915192982 12.07313904
  0.031 0.096183673 0.939220418 3.915192982 12.07313904
  0.031 0.096183673 0.939220418 3.915192982 12.07313904
  0.031 0.096183673 0.939220418 3.915192982 12.07313904
  0.031 0.096183673 0.939220418 3.915192982 12.07313904
  0.031 0.096183673 0.939220418 3.915192982 12.07313904
  0.031 0.096183673 0.939220418 3.915192982 12.07313904
  0.031 0.096183673 0.939220418 3.915192982 12.07313904
  0.031 0.096183673 0.939220418 3.915192982 12.07313904
  0.031 0.096183673 0.939220418 3.915192982 12.07313904
  0.031 0.096183673 0.939220418 3.915192982 12.07313904
  0.031 0.096183673 0.939220418 3.915192982 12.07313904
  0.031 0.096183673 0.939220418 3.915192982 12.07313904
  0.031 0.096183673 0.939220418 3.915192982 12.07313904
  0.031 0.096183673 0.939220418 3.915192982 12.07313904
  0.031 0.096183673 0.939220418 3.915192982 12.07313904
  0.031 0.096183673 0.939220418 3.915192982 12.07313904
  0.031 0.096183673 0.939220418 3.915192982 12.07313904
  0.031 0.096183673 0.939220418 3.915192982 12.07313904
  0.031 0.096183673 0.939220418 3.915192982 12.07313904
  0.031 0.096183673 0.939220418 3.915192982 12.07313904
  0.031 0.096183673 0.939220418 3.915192982 12.07313904
  0.031 0.096183673 0.939220418 3.915192982 12.07313904
#  Saithe
  0.090189781 1.952671779 9.334322368 28.80493233 77.55885308
  0.090189781 1.952671779 9.334322368 28.80493233 77.55885308
  0.090189781 1.952671779 9.334322368 28.80493233 77.55885308
  0.090189781 1.952671779 9.334322368 28.80493233 77.55885308
  0.090189781 1.952671779 9.334322368 28.80493233 77.55885308
  0.090189781 1.952671779 9.334322368 28.80493233 77.55885308
  0.090189781 1.952671779 9.334322368 28.80493233 77.55885308
  0.090189781 1.952671779 9.334322368 28.80493233 77.55885308
  0.090189781 1.952671779 9.334322368 28.80493233 77.55885308
  0.090189781 1.952671779 9.334322368 28.80493233 77.55885308
  0.090189781 1.952671779 9.334322368 28.80493233 77.55885308
  0.090189781 1.952671779 9.334322368 28.80493233 77.55885308
  0.090189781 1.952671779 9.334322368 28.80493233 77.55885308
  0.090189781 1.952671779 9.334322368 28.80493233 77.55885308
  0.090189781 1.952671779 9.334322368 28.80493233 77.55885308
  0.090189781 1.952671779 9.334322368 28.80493233 77.55885308
  0.090189781 1.952671779 9.334322368 28.80493233 77.55885308
  0.090189781 1.952671779 9.334322368 28.80493233 77.55885308
  0.090189781 1.952671779 9.334322368 28.80493233 77.55885308
  0.090189781 1.952671779 9.334322368 28.80493233 77.55885308
  0.090189781 1.952671779 9.334322368 28.80493233 77.55885308
  0.090189781 1.952671779 9.334322368 28.80493233 77.55885308
  0.090189781 1.952671779 9.334322368 28.80493233 77.55885308
  0.090189781 1.952671779 9.334322368 28.80493233 77.55885308
  0.090189781 1.952671779 9.334322368 28.80493233 77.55885308
  0.090189781 1.952671779 9.334322368 28.80493233 77.55885308
  0.090189781 1.952671779 9.334322368 28.80493233 77.55885308
  0.090189781 1.952671779 9.334322368 28.80493233 77.55885308
  0.090189781 1.952671779 9.334322368 28.80493233 77.55885308
  0.090189781 1.952671779 9.334322368 28.80493233 77.55885308
  0.090189781 1.952671779 9.334322368 28.80493233 77.55885308
  0.090189781 1.952671779 9.334322368 28.80493233 77.55885308
  0.090189781 1.952671779 9.334322368 28.80493233 77.55885308
  0.090189781 1.952671779 9.334322368 28.80493233 77.55885308
  0.090189781 1.952671779 9.334322368 28.80493233 77.55885308
  0.090189781 1.952671779 9.334322368 28.80493233 77.55885308
  0.090189781 1.952671779 9.334322368 28.80493233 77.55885308
  0.090189781 1.952671779 9.334322368 28.80493233 77.55885308
  0.090189781 1.952671779 9.334322368 28.80493233 77.55885308
  0.090189781 1.952671779 9.334322368 28.80493233 77.55885308
  0.090189781 1.952671779 9.334322368 28.80493233 77.55885308
  0.090189781 1.952671779 9.334322368 28.80493233 77.55885308
  0.090189781 1.952671779 9.334322368 28.80493233 77.55885308
  0.090189781 1.952671779 9.334322368 28.80493233 77.55885308
  0.090189781 1.952671779 9.334322368 28.80493233 77.55885308
  0.090189781 1.952671779 9.334322368 28.80493233 77.55885308
  0.090189781 1.952671779 9.334322368 28.80493233 77.55885308
  0.090189781 1.952671779 9.334322368 28.80493233 77.55885308
  0.090189781 1.952671779 9.334322368 28.80493233 77.55885308
  0.090189781 1.952671779 9.334322368 28.80493233 77.55885308
  0.090189781 1.952671779 9.334322368 28.80493233 77.55885308
  0.090189781 1.952671779 9.334322368 28.80493233 77.55885308
  0.090189781 1.952671779 9.334322368 28.80493233 77.55885308
  0.090189781 1.952671779 9.334322368 28.80493233 77.55885308
  0.090189781 1.952671779 9.334322368 28.80493233 77.55885308
  0.090189781 1.952671779 9.334322368 28.80493233 77.55885308
  0.090189781 1.952671779 9.334322368 28.80493233 77.55885308
  0.090189781 1.952671779 9.334322368 28.80493233 77.55885308
  0.090189781 1.952671779 9.334322368 28.80493233 77.55885308
  0.090189781 1.952671779 9.334322368 28.80493233 77.55885308
  0.090189781 1.952671779 9.334322368 28.80493233 77.55885308
  0.090189781 1.952671779 9.334322368 28.80493233 77.55885308
  0.090189781 1.952671779 9.334322368 28.80493233 77.55885308
  0.090189781 1.952671779 9.334322368 28.80493233 77.55885308
  0.090189781 1.952671779 9.334322368 28.80493233 77.55885308
  0.090189781 1.952671779 9.334322368 28.80493233 77.55885308
  0.090189781 1.952671779 9.334322368 28.80493233 77.55885308
  0.090189781 1.952671779 9.334322368 28.80493233 77.55885308
  0.090189781 1.952671779 9.334322368 28.80493233 77.55885308
  0.090189781 1.952671779 9.334322368 28.80493233 77.55885308
  0.090189781 1.952671779 9.334322368 28.80493233 77.55885308
  0.090189781 1.952671779 9.334322368 28.80493233 77.55885308
  0.090189781 1.952671779 9.334322368 28.80493233 77.55885308
  0.090189781 1.952671779 9.334322368 28.80493233 77.55885308
  0.090189781 1.952671779 9.334322368 28.80493233 77.55885308
  0.090189781 1.952671779 9.334322368 28.80493233 77.55885308
  0.090189781 1.952671779 9.334322368 28.80493233 77.55885308
  0.090189781 1.952671779 9.334322368 28.80493233 77.55885308
  0.090189781 1.952671779 9.334322368 28.80493233 77.55885308
  0.090189781 1.952671779 9.334322368 28.80493233 77.55885308
  0.090189781 1.952671779 9.334322368 28.80493233 77.55885308
  0.090189781 1.952671779 9.334322368 28.80493233 77.55885308
  0.090189781 1.952671779 9.334322368 28.80493233 77.55885308
  0.090189781 1.952671779 9.334322368 28.80493233 77.55885308
  0.090189781 1.952671779 9.334322368 28.80493233 77.55885308
  0.090189781 1.952671779 9.334322368 28.80493233 77.55885308
  0.090189781 1.952671779 9.334322368 28.80493233 77.55885308
  0.090189781 1.952671779 9.334322368 28.80493233 77.55885308
  0.090189781 1.952671779 9.334322368 28.80493233 77.55885308
  0.090189781 1.952671779 9.334322368 28.80493233 77.55885308
  0.090189781 1.952671779 9.334322368 28.80493233 77.55885308
  0.090189781 1.952671779 9.334322368 28.80493233 77.55885308
  0.090189781 1.952671779 9.334322368 28.80493233 77.55885308
  0.090189781 1.952671779 9.334322368 28.80493233 77.55885308
  0.090189781 1.952671779 9.334322368 28.80493233 77.55885308
  0.090189781 1.952671779 9.334322368 28.80493233 77.55885308
  0.090189781 1.952671779 9.334322368 28.80493233 77.55885308
  0.090189781 1.952671779 9.334322368 28.80493233 77.55885308
  0.090189781 1.952671779 9.334322368 28.80493233 77.55885308
  0.090189781 1.952671779 9.334322368 28.80493233 77.55885308
  0.090189781 1.952671779 9.334322368 28.80493233 77.55885308
  0.090189781 1.952671779 9.334322368 28.80493233 77.55885308
  0.090189781 1.952671779 9.334322368 28.80493233 77.55885308
  0.090189781 1.952671779 9.334322368 28.80493233 77.55885308
  0.090189781 1.952671779 9.334322368 28.80493233 77.55885308
  0.090189781 1.952671779 9.334322368 28.80493233 77.55885308
  0.090189781 1.952671779 9.334322368 28.80493233 77.55885308
  0.090189781 1.952671779 9.334322368 28.80493233 77.55885308
  0.090189781 1.952671779 9.334322368 28.80493233 77.55885308
  0.090189781 1.952671779 9.334322368 28.80493233 77.55885308
  0.090189781 1.952671779 9.334322368 28.80493233 77.55885308
  0.090189781 1.952671779 9.334322368 28.80493233 77.55885308
  0.090189781 1.952671779 9.334322368 28.80493233 77.55885308
  0.090189781 1.952671779 9.334322368 28.80493233 77.55885308
  0.090189781 1.952671779 9.334322368 28.80493233 77.55885308
  0.090189781 1.952671779 9.334322368 28.80493233 77.55885308
  0.090189781 1.952671779 9.334322368 28.80493233 77.55885308
  0.090189781 1.952671779 9.334322368 28.80493233 77.55885308
  0.090189781 1.952671779 9.334322368 28.80493233 77.55885308
  0.090189781 1.952671779 9.334322368 28.80493233 77.55885308
  0.090189781 1.952671779 9.334322368 28.80493233 77.55885308
  0.090189781 1.952671779 9.334322368 28.80493233 77.55885308
  0.090189781 1.952671779 9.334322368 28.80493233 77.55885308
  0.090189781 1.952671779 9.334322368 28.80493233 77.55885308
  0.090189781 1.952671779 9.334322368 28.80493233 77.55885308
  0.090189781 1.952671779 9.334322368 28.80493233 77.55885308
  0.090189781 1.952671779 9.334322368 28.80493233 77.55885308
  0.090189781 1.952671779 9.334322368 28.80493233 77.55885308
  0.090189781 1.952671779 9.334322368 28.80493233 77.55885308
  0.090189781 1.952671779 9.334322368 28.80493233 77.55885308
  0.090189781 1.952671779 9.334322368 28.80493233 77.55885308
  0.090189781 1.952671779 9.334322368 28.80493233 77.55885308
  0.090189781 1.952671779 9.334322368 28.80493233 77.55885308
  0.090189781 1.952671779 9.334322368 28.80493233 77.55885308
  0.090189781 1.952671779 9.334322368 28.80493233 77.55885308
  0.090189781 1.952671779 9.334322368 28.80493233 77.55885308
  0.090189781 1.952671779 9.334322368 28.80493233 77.55885308
  0.090189781 1.952671779 9.334322368 28.80493233 77.55885308
  0.090189781 1.952671779 9.334322368 28.80493233 77.55885308
  0.090189781 1.952671779 9.334322368 28.80493233 77.55885308
  0.090189781 1.952671779 9.334322368 28.80493233 77.55885308
  0.090189781 1.952671779 9.334322368 28.80493233 77.55885308
  0.090189781 1.952671779 9.334322368 28.80493233 77.55885308
  0.090189781 1.952671779 9.334322368 28.80493233 77.55885308
#   init_matrix obs_temp(1,Nareas,1,Nyrs)      
#  Either observed temperature  or manufactured temperature for simulation runs
#1977 to 1997 Georges Bank bottom temp from 2011 ESR (1964-1976 set to 8.0) and 1998 to 2010 Georges Bank bottom temp from 2011 ESR
1 1 # GF added dummy values to fill in missing elements from vector (length 112 rather than 114)
  1.18637531902126 1.00895832349983 0.861665199751736 0.869417352206505 1.31104509187433 1.46532820298479 1.32722720204744 1.08887666368834 0.920166182900205 0.841075434584464 1.16182054427 1.44859672893635 1.38789123827948 1.16814513863965 0.989665888483648 0.848392959156245 0.881048563101503 1.34686278600315 1.4530320605365 1.27961211946243 1.06614169051574 0.904849702605934 0.854724558964066 1.20267691545341 1.46283101091776 1.37671090546261 1.14722510702025 0.967880642274681 0.836986669055507 0.887931802805712 1.37660137206503 1.44138398450596 1.24360303991419 1.04823951354749 0.891463664536829 0.857902751933649 1.23957449272585 1.46616864636163 1.37106188687133 1.12736765659984 0.954499434241037 0.826860587350517 1.40240429405926 1.42857151730874 1.215681584022 1.03259880857354 0.880987893350611 0.860807402454012 1.27240265485901 1.46259020433324 1.3496627973604 1.10920964719597 0.940077492019515 0.825933555217279 1.11445383271142 1.43040343052982 1.41685187142909 1.19141913682201 1.01462545961412 0.866146832824021 0.866861068783436 1.30103304809016 1.46739952312997 1.33196176928693 1.09313986405744 0.924484255726034 0.836534949219402 1.14975173171448 1.44497753179888 1.39530222835555 1.17341968367199 0.995152177469991 0.851838400324029 0.876962782227876 1.33633371496283 1.45762664165177 1.29676432560063 1.07300948151176 0.909250290932813 0.853770108504002 1.19153108473849 1.45842826778015 1.37821864255893 1.15331936005466 0.973119647016808 0.840992552745037 0.888790684167742 1.36962888231433 1.44420538247207 1.25274736540724 1.05304060680553 0.893762652938928 0.857056557234012 1.22948507712582 1.46659468943913 1.37269360355237 1.13289731802181 0.958231860030888 0.82827013023447 1.39487212116185 1.43237210671346 1.2235382649039 1.03733513096753 0.884906422938625 0.859989723218559 1.26330715624576 1.46371201116312 1.35539038908455 1.1140471384884 0.944715552447395 0.825339914120933 1.10665031175768 1.4223257471892 1.42116158790861 1.19646295462277 
1.02029259572842 0.870628465896305 0.864766673945848 1.29300550011532 1.46746102005767 1.33669633652643 1.09740306442654 0.928802328551864 0.832531848057091 1.13928635220575 1.44104051611343 1.40271321843162 1.17869422870433 1.00063846645633 0.855769120095112 0.873944610219327 1.32606315755058 1.46222122276704 1.31391653173884 1.07987727250777 0.91361664771977 0.848692238936187 1.17992376310327 1.45402552464254 1.37972637965526 1.15941361308907 0.979738143603544
#  init_int yr1Nphase            //year 1 N at size estimation phase
  0
#  init_int recphase				//recruitment parameter estimation phas
  0
#  init_int avg_rec_phase		//average recruitment estimation phase (could make species specific, currently global)
  0
#  init_int avg_F_phase			//average fishing mort estimation phase (could make species specific, currently global)
  0
#  init_int dev_rec_phase		//recruitment deviation estimation phase (could make species specific, currently global)
  0
#  init_int dev_F_phase			//fishing mort deviation estimation phase (could make species specific, currently global)
  0
#  init_int fqphase              //fishery q estimation phase
  0
#  init_int sqphase              //survey q estimation phase 
  0
#   init_int ssig_phase           //survey sigma (obs error) phase
  0
#  init_int csig_phase           //catch sigma (obs error) phase
  0
#  init_matrix recGamma_alpha(1,Nareas,1,Nspecies)			//eggprod gamma Ricker model alpha
  1 1 1 1 1 1 1 1 1 1 1
#  init_matrix recGamma_shape(1,Nareas,1,Nspecies)			//eggprod gamma Ricker model shape parameter
  1 1 1 1 1 1 1 1 1 1 1
#  init_matrix recGamma_beta(1,Nareas,1,Nspecies)			//eggprod gamma Ricker model beta
  1 1 1 1 1 1 1 1 1 1 1
#  init_matrix recDS_alpha(1,Nareas,1,Nspecies)		//SSB Deriso-Schnute model alpha
  1 1 1 1 1 1 1 1 1 1 1
#  init_matrix recDS_shape(1,Nareas,1,Nspecies)		//SSB Deriso-Schnute model shape parameter
  1 1 1 1 1 1 1 1 1 1 1
#  init_matrix recDS_beta(1,Nareas,1,Nspecies)			//SSB Deriso-Schnute model beta
  1 1 1 1 1 1 1 1 1 1 1
#  init_matrix recGamSSB_alpha(1,Nareas,1,Nspecies)		//SSB gamma alpha
  1 1 1 1 1 1 1 1 1 1 1
#  init_matrix recGamSSB_shape(1,Nareas,1,Nspecies)		//SSB gamma shape parameter
  1 1 1 1 1 1 1 1 1 1 1
#  init_matrix recGamSSB_beta(1,Nareas,1,Nspecies)			//SSB gamma model beta
  1 1 1 1 1 1 1 1 1 1 1
#  init_matrix recRicker_alpha(1,Nareas,1,Nspecies)		//SSB Ricker model alpha
  1 1 1 1 1 1 1 1 1 1 1
#  init_matrix recRicker_shape(1,Nareas,1,Nspecies)		//SSB Ricker model shape parameter=1.0, not used
  1 1 1 1 1 1 1 1 1 1 1
#  init_matrix recRicker_beta(1,Nareas,1,Nspecies)			//SSB Ricker model beta
  1 1 1 1 1 1 1 1 1 1 1
#  init_matrix recBH_alpha(1,Nareas,1,Nspecies)		//SSB Beverton Holt model alpha
  1 1 1 1 1 1 1 1 1 1 1
#  init_matrix recBH_shape(1,Nareas,1,Nspecies)		//SSB Beverton Holt model shape parameter=1.0, not used
  1 1 1 1 1 1 1 1 1 1 1
#  init_matrix recBH_beta(1,Nareas,1,Nspecies)			//SSB Beverton Holt model beta
  1 1 1 1 1 1 1 1 1 1 1
#  init_matrix recShepherd_alpha //SSB S-R Shepherd 3 param
  1 1 1 1 1 1 1 1 1 1 1
#  init_matrix recShepherd_shape //SSB S-R Shepherd 3 param
  1 1 1 1 1 1 1 1 1 1 1
#  init_matrix recShepherd_beta //SSB S-R Shepherd 3 param
  1 1 1 1 1 1 1 1 1 1 1
#  init_matrix recSHockey_alpha //SSB S-R Hockey 2 param
  1 1 1 1 1 1 1 1 1 1 1
#  init_matrix recHpockey_shape //SSB S-R Hockey. S* breakpoint
  1 1 1 1 1 1 1 1 1 1 1
#  init_matrix recHockey_beta //SSB S-R Hockey 2 param. This is not used
  1 1 1 1 1 1 1 1 1 1 1
#  init_matrix recSegmented_alpha //SSB S-R Segmented 3 param
  1 1 1 1 1 1 1 1 1 1 1
#  init_matrix recSegmented_shape //SSB S-R Segmented 3 param. Breakpoint
  1 1 1 1 1 1 1 1 1 1 1
#  init_matrix recSegmented_beta //SSB S-R Segmented 3 param
  1 1 1 1 1 1 1 1 1 1 1
#  init_ivector rectype(1,Nspecies)  //switch for alternate recruitment functions 1=gamma/Ricker, 2=Deriso-Schnute, 9=avg+devs
# 3=SSB gamma, 4=SSB Ricker, 5=SSB Beverton Holt added April 2014,6=Shepherd (added Beet Mar 2017)
  1 1 1 1 1 1 1 1 1 1 1
#   init_ivector stochrec(1,Nspecies)  //switch for stochastic recruitment. 1 = add error, 0= no error
  1 1 1 1 1 1 1 1 1 1 1
#  init_matrix sexratio(1,Nareas,1,Nspecies)  // this is proportion females
  0.5 0.5 0.5 0.5 0.5 0.5 0.5 0.5 0.5 0.5 0.5
 #  init_matrix recruitment_covwt(1,Nspecies,1,Nrecruitment_cov)	//recruitment covariate weighting factor
  0
  0
  0
  0
  0
  0
  0
  0
  0
  0
  0
#//fecundity parameters from .dat file and calculate fecundity at length
#  init_matrix fecund_d(1,Nareas,1,Nspecies)
  1 1 1 1 1 1 1 1 1 1 1
#  init_matrix fecund_h(1,Nareas,1,Nspecies)
  1 1 1 1 1 1 1 1 1 1 1
#  init_3darray fecund_theta(1,Nareas,1,Nspecies,1,Nsizebins))
  0 0 0 0 0
  0 0 0 0 0
  0 0 0 0 0
  0 0 0 0 0
  0 0 0 0 0
  0 0 0 0 0
  0 0 0 0 0
  0 0 0 0 0
  0 0 0 0 0
  0 0 0 0 0
  0 0 0 0 0
#  init_matrix maturity_nu(1,Nareas,1,Nspecies)
  1 1 1 1 1 1 1 1 1 1 1
#  init_matrix maturity_omega(1,Nareas,1,Nspecies)
  1 1 1 1 1 1 1 1 1 1 1
#  init_matrix maturity_covwt(1,Nspecies,1,Nmaturity_cov) //maturity covariate weighting factor
  0
  0
  0
  0
  0
  0
  0
  0
  0
  0
  0
#//growth parameters from .dat file and calculate simple (no cov) prob of growing through length interval
#  init_matrix growth_psi(1,Nareas,1,Nspecies)
  24.0189961770878 12.0764380638789 76.7829483355372 36.9020544518889 8.60687499942896 19.3407209021178 30.2295310971425 14.3759212359041 18.7512203935004 9.36441303413218 30.6253314517403
#  init_matrix growth_kappa(1,Nareas,1,Nspecies)
  0.143229321963862 0.326213225196474 0.262022096664457 0.287830516836763 0.543232218109662 0.35581656379923 0.652309889126974 0.339470317162103 0.10979121781628 0.460217143238066 0.473050990288995
#  init_matrix growth_covwt(1,Nspecies,1,Ngrowth_cov)// growth covariate weighting factor
  0
  0
  0
  0
  0
  0
  0
  0
  0
  0
  0
#  init_matrix vonB_Linf(1,Nareas,1,Nspecies)    //alternate parameterization, vonB growth
  31.706462486023 17.4210280674826 208.042427319466 77.8326002545246 80.758186682727 46.5976315747008 98.8602112740569 32.1785536606907 24.846784814285 36.4543822467666 388.269142391829
#  init_matrix vonB_k(1,Nareas,1,Nspecies)       //alternate parameterization, vonB growth
  0.143229321963862 0.326213225196474 0.262022096664457 0.287830516836763 0.543232218109662 0.35581656379923 0.652309889126974 0.339470317162103 0.10979121781628 0.460217143238066 0.473050990288995
#  init_vector growthtype                           //switch for alternate growth types,
#1 power, 2 power/covariates, 3 vonB, 4 vonB covariates
  4 4 4 4 4 4 4 4 4 4 4
#  init_number phimax
  1
#  init_matrix intake_alpha(1,Nareas,1,Nspecies)
  0.004 0.004 0.004 0.004 0.004 0.004 0.004 0.004 0.004 0.004 0.004
#  init_matrix intake_beta(1,Nareas,1,Nspecies)
  0.11 0.11 0.11 0.11 0.11 0.11 0.11 0.11 0.11 0.11 0.11
 # M1 - natural mortality (not explained by model)
#  init_3darray M1(1,Nareas,1,Nspecies,1,Nsizebins)
  0.02 0.02 0.02 0.02 0.02
  0.02 0.02 0.02 0.02 0.02
  0.02 0.02 0.02 0.02 0.02
  0.02 0.02 0.02 0.02 0.02
  0.02 0.02 0.02 0.02 0.02
  0.02 0.02 0.02 0.02 0.02
  0.02 0.02 0.02 0.02 0.02
  0.02 0.02 0.02 0.02 0.02
  0.02 0.02 0.02 0.02 0.02
  0.02 0.02 0.02 0.02 0.02
  0.02 0.02 0.02 0.02 0.02
#  init_3darray isprey(1,Nareas,1,Nspecies,1,Nspecies)     //preds in columns, prey in rows
  0 0 1 0 0 0 1 0 0 1 0
  1 0 0 1 1 0 1 1 0 0 1
  0 0 0 0 0 0 1 0 0 0 0
  0 0 0 1 1 0 1 0 0 1 1
  0 0 0 1 0 0 1 0 0 0 0
  0 0 1 0 0 0 0 0 0 0 0
  0 0 1 1 1 0 1 0 0 1 1
  1 0 1 1 1 0 1 0 0 0 1
  1 0 0 0 1 0 1 0 0 0 0
  1 0 1 0 0 0 1 0 0 0 0
  0 0 0 0 0 0 0 0 0 1 0
#  init_matrix preferred_wtratio(1,Nareas,1,Nspecies)     //pred sizebins
  0.5 0.5 0.5 0.5 0.5 0.5 0.5 0.5 0.5 0.5 0.5
#  init_vector sd_sizepref(1,Nspecies)              //pred sizebins
  2 2 2 2 2 2 2 2 2 2 2
#  //fishery selectivity pars from dat file, for now not area specific
#  init_matrix fishsel_c(1,Nspecies,1,Nfleets)  //fishery selectivity c par
  #benthic trawl and pelagic trawl and longline
  1 1 1 1 1 1 1 1 1 1 1
  1 1 1 1 1 1 1 1 1 1 1
  1 1 1 1 1 1 1 1 1 1 1
  1 1 1 1 1 1 1 1 1 1 1
  1 1 1 1 1 1 1 1 1 1 1
  1 1 1 1 1 1 1 1 1 1 1
  1 1 1 1 1 1 1 1 1 1 1
  1 1 1 1 1 1 1 1 1 1 1
  1 1 1 1 1 1 1 1 1 1 1
  1 1 1 1 1 1 1 1 1 1 1
  1 1 1 1 1 1 1 1 1 1 1
#  init_matrix fishsel_d(1,Nspecies,1,Nfleets)  //fishery selectivity d par
  #benthic trawl and pelagic trawl and longline
  1 1 1 1 1 1 1 1 1 1 1
  1 1 1 1 1 1 1 1 1 1 1
  1 1 1 1 1 1 1 1 1 1 1
  1 1 1 1 1 1 1 1 1 1 1
  1 1 1 1 1 1 1 1 1 1 1
  1 1 1 1 1 1 1 1 1 1 1
  1 1 1 1 1 1 1 1 1 1 1
  1 1 1 1 1 1 1 1 1 1 1
  1 1 1 1 1 1 1 1 1 1 1
  1 1 1 1 1 1 1 1 1 1 1
  1 1 1 1 1 1 1 1 1 1 1
# Following content added after ICES publication by Gaichas et al. 2014
# Made by Andy Beet from Dec 2016 onward
# Equilibrium Biomass. B0(1,Nspecies). Tthese values are obtained by running hydra_sim without any error and zero fishing effort
  334929 559616.53 3367352.5 324330.75 443626.98 215014.95 111073.85 781926.53 58469.09 43888.76
  40000 #dummy value added by GF because vector was only length 10
#number of Guilds numGuilds.
  1
#Guild Membership guildMembership. 
  1 1 1 1 1 1 1 1 1 1 1
#Fleet Membership fleetMembers(1,numGuilds) 
 1
# AssessmentPeriod. Time period (yrs) to assess guild biomass level
  3
# init_int flagLinearRamp. // 0 = step function, 1 = linear function
  1
#init_vector minExploitation(1,Nfleets) minimum Exploitation rates imposed by each fleet
 0.01 0.01 0.01 0.01 0.01 0.01 0.01 0.01 0.01 0.01 0.01   #GF added vectors which were missing
#init_vector maxExploitation(1,Nfleets) maximum Exploitation rates imposed by each fleet
 0.99 0.99 0.99 0.99 0.99 0.99 0.99 0.99 0.99 0.99 0.99   #GF added vectors which were missing
# init_vector minMaxExploitation(1,2) - [MinExploitation, MaxExploitation
  0.05 0.05
# init_vector minMaxThreshold(1,2) - [MinThreshold, MaxThreshold
  0.1 0.4
# Nthresholds. number of thresholds used for change in exploitation/fishing - Step function
  5
# threshold_percent(1,Nthresholds) threshold %ages (of biomass) when action is taken - Step function
# note that must appear in ascending order
  0.1 0.2 0.3 0.4 1e+06
# exploitation_levels(1,Nthresholds). these must pair with the threshold_percent values - Step function
  0.05 0.05 0.05 0.05 0.05
# threshold_species(1,Nspecies). Species level detection threshold
  0.1 0.1 0 0 0 0 0 0 0 0 0  #GF added extra spp
# int AssessmentOn. Assessment On or Off
  0
# int speciesDetection. include species (in addition to guild) in assessment on or off
  0
# int LFI_size. (cm). Threshold to determin a large fish. used in LFI metric
  60
# init_number scaleInitialN.  used to scale initial yr1N abundances found in .pin file
  1
# other food term
  0
#init_matrix effortScaled(1,Nareas,1,Nspecies)
  1 1 1 1 1 1 1 1 1 1 1 #GF added extra spp
# init_4darray discard_Coef(1,Nareas,1,Nspecies,1,Nfleets,1,Nsizebins)
# proportion of each species that is discarded for each fleet(Bottom, Pelagic, Fixed)
# Blue_whiting fleet x sizeclass
  0 0 0 0 0
  0 0 0 0 0
  0 0 0 0 0
  0 0 0 0 0
  0 0 0 0 0
  0 0 0 0 0
  0 0 0 0 0
  0 0 0 0 0
  0 0 0 0 0
  0 0 0 0 0
  0 0 0 0 0
# Capelin fleet x sizeclass
  0 0 0 0 0
  0 0 0 0 0
  0 0 0 0 0
  0 0 0 0 0
  0 0 0 0 0
  0 0 0 0 0
  0 0 0 0 0
  0 0 0 0 0
  0 0 0 0 0
  0 0 0 0 0
  0 0 0 0 0
# Green_halibut fleet x sizeclass
  0 0 0 0 0
  0 0 0 0 0
  0 0 0 0 0
  0 0 0 0 0
  0 0 0 0 0
  0 0 0 0 0
  0 0 0 0 0
  0 0 0 0 0
  0 0 0 0 0
  0 0 0 0 0
  0 0 0 0 0
# Haddock fleet x sizeclass
  0 0 0 0 0
  0 0 0 0 0
  0 0 0 0 0
  0 0 0 0 0
  0 0 0 0 0
  0 0 0 0 0
  0 0 0 0 0
  0 0 0 0 0
  0 0 0 0 0
  0 0 0 0 0
  0 0 0 0 0
# Long_rough_dab fleet x sizeclass
  0 0 0 0 0
  0 0 0 0 0
  0 0 0 0 0
  0 0 0 0 0
  0 0 0 0 0
  0 0 0 0 0
  0 0 0 0 0
  0 0 0 0 0
  0 0 0 0 0
  0 0 0 0 0
  0 0 0 0 0
# Mackerel fleet x sizeclass
  0 0 0 0 0
  0 0 0 0 0
  0 0 0 0 0
  0 0 0 0 0
  0 0 0 0 0
  0 0 0 0 0
  0 0 0 0 0
  0 0 0 0 0
  0 0 0 0 0
  0 0 0 0 0
  0 0 0 0 0
# North_atl_cod fleet x sizeclass
  0 0 0 0 0
  0 0 0 0 0
  0 0 0 0 0
  0 0 0 0 0
  0 0 0 0 0
  0 0 0 0 0
  0 0 0 0 0
  0 0 0 0 0
  0 0 0 0 0
  0 0 0 0 0
  0 0 0 0 0
# Norwegian_ssh fleet x sizeclass
  0 0 0 0 0
  0 0 0 0 0
  0 0 0 0 0
  0 0 0 0 0
  0 0 0 0 0
  0 0 0 0 0
  0 0 0 0 0
  0 0 0 0 0
  0 0 0 0 0
  0 0 0 0 0
  0 0 0 0 0
# Polar_cod fleet x sizeclass
  0 0 0 0 0
  0 0 0 0 0
  0 0 0 0 0
  0 0 0 0 0
  0 0 0 0 0
  0 0 0 0 0
  0 0 0 0 0
  0 0 0 0 0
  0 0 0 0 0
  0 0 0 0 0
  0 0 0 0 0
# Redfish fleet x sizeclass
  0 0 0 0 0
  0 0 0 0 0
  0 0 0 0 0
  0 0 0 0 0
  0 0 0 0 0
  0 0 0 0 0
  0 0 0 0 0
  0 0 0 0 0
  0 0 0 0 0
  0 0 0 0 0
  0 0 0 0 0
# Saithe fleet x sizeclass
  0 0 0 0 0
  0 0 0 0 0
  0 0 0 0 0
  0 0 0 0 0
  0 0 0 0 0
  0 0 0 0 0
  0 0 0 0 0
  0 0 0 0 0
  0 0 0 0 0
  0 0 0 0 0
  0 0 0 0 0
# init_4darray discardSurvival_Coef(1,Nareas,1,1,Nspecies,1,Nfleets,1,Nsizebins)
# proportion of discards that survive being thrown back
# Blue_whiting fleet x sizeclass
  0 0 0 0 0
  0 0 0 0 0
  0 0 0 0 0
  0 0 0 0 0
  0 0 0 0 0
  0 0 0 0 0
  0 0 0 0 0
  0 0 0 0 0
  0 0 0 0 0
  0 0 0 0 0
  0 0 0 0 0
# Capelin fleet x sizeclass
  0 0 0 0 0
  0 0 0 0 0
  0 0 0 0 0
  0 0 0 0 0
  0 0 0 0 0
  0 0 0 0 0
  0 0 0 0 0
  0 0 0 0 0
  0 0 0 0 0
  0 0 0 0 0
  0 0 0 0 0
# Green_halibut fleet x sizeclass
  0 0 0 0 0
  0 0 0 0 0
  0 0 0 0 0
  0 0 0 0 0
  0 0 0 0 0
  0 0 0 0 0
  0 0 0 0 0
  0 0 0 0 0
  0 0 0 0 0
  0 0 0 0 0
  0 0 0 0 0
# Haddock fleet x sizeclass
  0 0 0 0 0
  0 0 0 0 0
  0 0 0 0 0
  0 0 0 0 0
  0 0 0 0 0
  0 0 0 0 0
  0 0 0 0 0
  0 0 0 0 0
  0 0 0 0 0
  0 0 0 0 0
  0 0 0 0 0
# Long_rough_dab fleet x sizeclass
  0 0 0 0 0
  0 0 0 0 0
  0 0 0 0 0
  0 0 0 0 0
  0 0 0 0 0
  0 0 0 0 0
  0 0 0 0 0
  0 0 0 0 0
  0 0 0 0 0
  0 0 0 0 0
  0 0 0 0 0
# Mackerel fleet x sizeclass
  0 0 0 0 0
  0 0 0 0 0
  0 0 0 0 0
  0 0 0 0 0
  0 0 0 0 0
  0 0 0 0 0
  0 0 0 0 0
  0 0 0 0 0
  0 0 0 0 0
  0 0 0 0 0
  0 0 0 0 0
# North_atl_cod fleet x sizeclass
  0 0 0 0 0
  0 0 0 0 0
  0 0 0 0 0
  0 0 0 0 0
  0 0 0 0 0
  0 0 0 0 0
  0 0 0 0 0
  0 0 0 0 0
  0 0 0 0 0
  0 0 0 0 0
  0 0 0 0 0
# Norwegian_ssh fleet x sizeclass
  0 0 0 0 0
  0 0 0 0 0
  0 0 0 0 0
  0 0 0 0 0
  0 0 0 0 0
  0 0 0 0 0
  0 0 0 0 0
  0 0 0 0 0
  0 0 0 0 0
  0 0 0 0 0
  0 0 0 0 0
# Polar_cod fleet x sizeclass
  0 0 0 0 0
  0 0 0 0 0
  0 0 0 0 0
  0 0 0 0 0
  0 0 0 0 0
  0 0 0 0 0
  0 0 0 0 0
  0 0 0 0 0
  0 0 0 0 0
  0 0 0 0 0
  0 0 0 0 0
# Redfish fleet x sizeclass
  0 0 0 0 0
  0 0 0 0 0
  0 0 0 0 0
  0 0 0 0 0
  0 0 0 0 0
  0 0 0 0 0
  0 0 0 0 0
  0 0 0 0 0
  0 0 0 0 0
  0 0 0 0 0
  0 0 0 0 0
# Saithe fleet x sizeclass
  0 0 0 0 0
  0 0 0 0 0
  0 0 0 0 0
  0 0 0 0 0
  0 0 0 0 0
  0 0 0 0 0
  0 0 0 0 0
  0 0 0 0 0
  0 0 0 0 0
  0 0 0 0 0
  0 0 0 0 0
# predOrPrey(1,Nspecies). binary vector indicating predators. inverse = prey
  1 0 1 1 1 0 1 1 0 1 1
# bandwidth_metric. (in yrs) for variance estimate of catch - moving window
  5
# init_number baseline_threshold // value of threshold that we stop landing catch. Typically 0.2
  0.2
# init_3darray indicator_fishery_q(1,Nareas,1,Nspecies,1,Nfleets)
# which species represent targeted catch. These are used to estmate exploitation rate in assessment
  1 1 1 1 1 1 1 1 1 1 1
  1 1 1 1 1 1 1 1 1 1 1
  1 1 1 1 1 1 1 1 1 1 1
  1 1 1 1 1 1 1 1 1 1 1
  1 1 1 1 1 1 1 1 1 1 1
  1 1 1 1 1 1 1 1 1 1 1
  1 1 1 1 1 1 1 1 1 1 1
  1 1 1 1 1 1 1 1 1 1 1
  1 1 1 1 1 1 1 1 1 1 1
  1 1 1 1 1 1 1 1 1 1 1
  1 1 1 1 1 1 1 1 1 1 1
# AR_parameters(1,3) Survey, recruitment, Catch 
  0 0 0
# init_int flagMSE determins level of output (0 or 1)
  0
#  init_matrix catchProportion(1,Nareas,1,Nspecies). Proportion of the year in which resides in the management area
  1 1 1 1 1 1 1 1 1 1 1   #GF added vector as it was missing
# init_matrix areaMortality(1,Nareas,1,Nspecies). Total mortality outside of areae management area
  0 0 0 0 0 0 0 0 0 0 0 #GF added vector as it was missing
# eof
54321
