# This file was created using create_datpin_files.R function write_DatFile
      #and used all inputs from csv files found in folder:
      #hydradata/data-raw
# init_int debug
  0
# init_int Nyrs
  81
# init_int Nspecies
  11
# init_int Nsizebins
  5
# init_int Nareas
  1
# init_int Nfleets
  2
# init_int Nsurveys (e.g. NEFSC spring, NEFSC fall, NEAMAP, etc)
  2
# init_number wtconv
  1
## Time series data file
  NOBA-input/hydra_sim_NOBA_new5bin-ts.dat
#
# List of Species in Model
# Blue_whiting
# Capelin
# Green_halibut
# Haddock
# Long_rough_dab
# Mackerel
# North_atl_cod
# Norwegian_ssh
# Polar_cod
# Redfish
# Saithe
#
# init_matrix binwidth(1,Nspecies,1,Nsizebins)
 	22	5	5	5	11
 	8	3	3	3	6
 	95	23	23	23	37
 	52	15	15	15	35
 	23	10	10	10	20
 	28	9	9	9	14
 	60	16	16	16	30
 	20	6	6	6	14
 	17	4	4	4	7
 	16	5	5	5	9
 	69	26	26	26	49
# init_vector lenwt_a(1,Nspecies)
  0.0082 0.00033 0.0019 0.012 0.0044 0.0038 0.009 0.0232 0.00033 0.0085 0.0103
# init_vector lenwt_b(1,Nspecies)
  2.9 3.98 3.01 2.95 3.204 3.21 3 2.81 3.98 3.21 2.963
# init_int Nrecruitment_cov
  1
#  init_int Nmaturity_cov 
  1
#  init_int Ngrowth_cov
  1
#  init_matrix recruitment_cov(1,Nrecruitment_cov,1,Nyrs)
  1 1 1 1 1 1 1 1 1 1 1 1 1 1 1 1 1 1 1 1 1 1 1 1 1 1 1 1 1 1 1 1 1 1 1 1 1 1 1 1 1 1 1 1 1 1 1 1 1 1 1 1 1 1 1 1 1 1 1 1 1 1 1 1 1 1 1 1 1 1 1 1 1 1 1 1 1 1 1 1 1
#  init_matrix maturity_cov(1,Nmaturity_cov,1,Nyrs)
  1 1 1 1 1 1 1 1 1 1 1 1 1 1 1 1 1 1 1 1 1 1 1 1 1 1 1 1 1 1 1 1 1 1 1 1 1 1 1 1 1 1 1 1 1 1 1 1 1 1 1 1 1 1 1 1 1 1 1 1 1 1 1 1 1 1 1 1 1 1 1 1 1 1 1 1 1 1 1 1 1
#  init_matrix growth_cov(1,Ngrowth_cov,1,Nyrs)
  1 1 1 1 1 1 1 1 1 1 1 1 1 1 1 1 1 1 1 1 1 1 1 1 1 1 1 1 1 1 1 1 1 1 1 1 1 1 1 1 1 1 1 1 1 1 1 1 1 1 1 1 1 1 1 1 1 1 1 1 1 1 1 1 1 1 1 1 1 1 1 1 1 1 1 1 1 1 1 1 1
#  init_3darray obs_effort(1,Nareas,1,Nfleets,1,Nyrs)  
# fleet types allbutcod codfleet
#  Observed effort. No assessment
  1 1 1 1 1 1 1 1 1 1 1 1 1 1 1 1 1 1 1 1 1 1 1 1 1 1 1 1 1 1 1 1 1 1 1 1 1 1 1 1 1 1 1 1 1 1 1 1 1 1 1 1 1 1 1 1 1 1 1 1 1 1 1 1 1 1 1 1 1 1 1 1 1 1 1 1 1 1 1 1 1
  1 1 1 1 1 1 1 1 1 1 1 1 1 1 1 1 1 1 1 1 1 1 1 1 1 1 1 1 1 1 1 1 1 1 1 1 1 1 1 1 1 1 1 1 1 1 1 1 1 1 1 1 1 1 1 1 1 1 1 1 1 1 1 1 1 1 1 1 1 1 1 1 1 1 1 1 1 1 1 1 1
#  init_4darray area1_stomwt(1,Nareas,1,Nspecies,1,Nyrs,Nsizebins)   
#  read in mean stomach content weight time series from .dat file for intake calculation   
#  Blue_whiting
  3.16819343876413 5.26712599562744 5.41089514268845 4.91920698718962 4.86008634329159
  3.16819343876413 5.26712599562744 5.41089514268845 4.91920698718962 4.86008634329159
  3.16819343876413 5.26712599562744 5.41089514268845 4.91920698718962 4.86008634329159
  3.16819343876413 5.26712599562744 5.41089514268845 4.91920698718962 4.86008634329159
  3.16819343876413 5.26712599562744 5.41089514268845 4.91920698718962 4.86008634329159
  3.16819343876413 5.26712599562744 5.41089514268845 4.91920698718962 4.86008634329159
  3.16819343876413 5.26712599562744 5.41089514268845 4.91920698718962 4.86008634329159
  3.16819343876413 5.26712599562744 5.41089514268845 4.91920698718962 4.86008634329159
  3.16819343876413 5.26712599562744 5.41089514268845 4.91920698718962 4.86008634329159
  3.16819343876413 5.26712599562744 5.41089514268845 4.91920698718962 4.86008634329159
  3.16819343876413 5.26712599562744 5.41089514268845 4.91920698718962 4.86008634329159
  3.16819343876413 5.26712599562744 5.41089514268845 4.91920698718962 4.86008634329159
  3.16819343876413 5.26712599562744 5.41089514268845 4.91920698718962 4.86008634329159
  3.16819343876413 5.26712599562744 5.41089514268845 4.91920698718962 4.86008634329159
  3.16819343876413 5.26712599562744 5.41089514268845 4.91920698718962 4.86008634329159
  3.16819343876413 5.26712599562744 5.41089514268845 4.91920698718962 4.86008634329159
  3.16819343876413 5.26712599562744 5.41089514268845 4.91920698718962 4.86008634329159
  3.16819343876413 5.26712599562744 5.41089514268845 4.91920698718962 4.86008634329159
  3.16819343876413 5.26712599562744 5.41089514268845 4.91920698718962 4.86008634329159
  3.16819343876413 5.26712599562744 5.41089514268845 4.91920698718962 4.86008634329159
  3.16819343876413 5.26712599562744 5.41089514268845 4.91920698718962 4.86008634329159
  3.16819343876413 5.26712599562744 5.41089514268845 4.91920698718962 4.86008634329159
  3.16819343876413 5.26712599562744 5.41089514268845 4.91920698718962 4.86008634329159
  3.16819343876413 5.26712599562744 5.41089514268845 4.91920698718962 4.86008634329159
  3.16819343876413 5.26712599562744 5.41089514268845 4.91920698718962 4.86008634329159
  3.16819343876413 5.26712599562744 5.41089514268845 4.91920698718962 4.86008634329159
  3.16819343876413 5.26712599562744 5.41089514268845 4.91920698718962 4.86008634329159
  3.16819343876413 5.26712599562744 5.41089514268845 4.91920698718962 4.86008634329159
  3.16819343876413 5.26712599562744 5.41089514268845 4.91920698718962 4.86008634329159
  3.16819343876413 5.26712599562744 5.41089514268845 4.91920698718962 4.86008634329159
  3.16819343876413 5.26712599562744 5.41089514268845 4.91920698718962 4.86008634329159
  3.16819343876413 5.26712599562744 5.41089514268845 4.91920698718962 4.86008634329159
  3.16819343876413 5.26712599562744 5.41089514268845 4.91920698718962 4.86008634329159
  3.16819343876413 5.26712599562744 5.41089514268845 4.91920698718962 4.86008634329159
  3.16819343876413 5.26712599562744 5.41089514268845 4.91920698718962 4.86008634329159
  3.16819343876413 5.26712599562744 5.41089514268845 4.91920698718962 4.86008634329159
  3.16819343876413 5.26712599562744 5.41089514268845 4.91920698718962 4.86008634329159
  3.16819343876413 5.26712599562744 5.41089514268845 4.91920698718962 4.86008634329159
  3.16819343876413 5.26712599562744 5.41089514268845 4.91920698718962 4.86008634329159
  3.16819343876413 5.26712599562744 5.41089514268845 4.91920698718962 4.86008634329159
  3.16819343876413 5.26712599562744 5.41089514268845 4.91920698718962 4.86008634329159
  3.16819343876413 5.26712599562744 5.41089514268845 4.91920698718962 4.86008634329159
  3.16819343876413 5.26712599562744 5.41089514268845 4.91920698718962 4.86008634329159
  3.16819343876413 5.26712599562744 5.41089514268845 4.91920698718962 4.86008634329159
  3.16819343876413 5.26712599562744 5.41089514268845 4.91920698718962 4.86008634329159
  3.16819343876413 5.26712599562744 5.41089514268845 4.91920698718962 4.86008634329159
  3.16819343876413 5.26712599562744 5.41089514268845 4.91920698718962 4.86008634329159
  3.16819343876413 5.26712599562744 5.41089514268845 4.91920698718962 4.86008634329159
  3.16819343876413 5.26712599562744 5.41089514268845 4.91920698718962 4.86008634329159
  3.16819343876413 5.26712599562744 5.41089514268845 4.91920698718962 4.86008634329159
  3.16819343876413 5.26712599562744 5.41089514268845 4.91920698718962 4.86008634329159
  3.16819343876413 5.26712599562744 5.41089514268845 4.91920698718962 4.86008634329159
  3.16819343876413 5.26712599562744 5.41089514268845 4.91920698718962 4.86008634329159
  3.16819343876413 5.26712599562744 5.41089514268845 4.91920698718962 4.86008634329159
  3.16819343876413 5.26712599562744 5.41089514268845 4.91920698718962 4.86008634329159
  3.16819343876413 5.26712599562744 5.41089514268845 4.91920698718962 4.86008634329159
  3.16819343876413 5.26712599562744 5.41089514268845 4.91920698718962 4.86008634329159
  3.16819343876413 5.26712599562744 5.41089514268845 4.91920698718962 4.86008634329159
  3.16819343876413 5.26712599562744 5.41089514268845 4.91920698718962 4.86008634329159
  3.16819343876413 5.26712599562744 5.41089514268845 4.91920698718962 4.86008634329159
  3.16819343876413 5.26712599562744 5.41089514268845 4.91920698718962 4.86008634329159
  3.16819343876413 5.26712599562744 5.41089514268845 4.91920698718962 4.86008634329159
  3.16819343876413 5.26712599562744 5.41089514268845 4.91920698718962 4.86008634329159
  3.16819343876413 5.26712599562744 5.41089514268845 4.91920698718962 4.86008634329159
  3.16819343876413 5.26712599562744 5.41089514268845 4.91920698718962 4.86008634329159
  3.16819343876413 5.26712599562744 5.41089514268845 4.91920698718962 4.86008634329159
  3.16819343876413 5.26712599562744 5.41089514268845 4.91920698718962 4.86008634329159
  3.16819343876413 5.26712599562744 5.41089514268845 4.91920698718962 4.86008634329159
  3.16819343876413 5.26712599562744 5.41089514268845 4.91920698718962 4.86008634329159
  3.16819343876413 5.26712599562744 5.41089514268845 4.91920698718962 4.86008634329159
  3.16819343876413 5.26712599562744 5.41089514268845 4.91920698718962 4.86008634329159
  3.16819343876413 5.26712599562744 5.41089514268845 4.91920698718962 4.86008634329159
  3.16819343876413 5.26712599562744 5.41089514268845 4.91920698718962 4.86008634329159
  3.16819343876413 5.26712599562744 5.41089514268845 4.91920698718962 4.86008634329159
  3.16819343876413 5.26712599562744 5.41089514268845 4.91920698718962 4.86008634329159
  3.16819343876413 5.26712599562744 5.41089514268845 4.91920698718962 4.86008634329159
  3.16819343876413 5.26712599562744 5.41089514268845 4.91920698718962 4.86008634329159
  3.16819343876413 5.26712599562744 5.41089514268845 4.91920698718962 4.86008634329159
  3.16819343876413 5.26712599562744 5.41089514268845 4.91920698718962 4.86008634329159
  3.16819343876413 5.26712599562744 5.41089514268845 4.91920698718962 4.86008634329159
  3.16819343876413 5.26712599562744 5.41089514268845 4.91920698718962 4.86008634329159
#  Capelin
  0.156187629718971 0.155716632893561 0.155280886771756 0.145934895215681 0.123213435813562
  0.156187629718971 0.155716632893561 0.155280886771756 0.145934895215681 0.123213435813562
  0.156187629718971 0.155716632893561 0.155280886771756 0.145934895215681 0.123213435813562
  0.156187629718971 0.155716632893561 0.155280886771756 0.145934895215681 0.123213435813562
  0.156187629718971 0.155716632893561 0.155280886771756 0.145934895215681 0.123213435813562
  0.156187629718971 0.155716632893561 0.155280886771756 0.145934895215681 0.123213435813562
  0.156187629718971 0.155716632893561 0.155280886771756 0.145934895215681 0.123213435813562
  0.156187629718971 0.155716632893561 0.155280886771756 0.145934895215681 0.123213435813562
  0.156187629718971 0.155716632893561 0.155280886771756 0.145934895215681 0.123213435813562
  0.156187629718971 0.155716632893561 0.155280886771756 0.145934895215681 0.123213435813562
  0.156187629718971 0.155716632893561 0.155280886771756 0.145934895215681 0.123213435813562
  0.156187629718971 0.155716632893561 0.155280886771756 0.145934895215681 0.123213435813562
  0.156187629718971 0.155716632893561 0.155280886771756 0.145934895215681 0.123213435813562
  0.156187629718971 0.155716632893561 0.155280886771756 0.145934895215681 0.123213435813562
  0.156187629718971 0.155716632893561 0.155280886771756 0.145934895215681 0.123213435813562
  0.156187629718971 0.155716632893561 0.155280886771756 0.145934895215681 0.123213435813562
  0.156187629718971 0.155716632893561 0.155280886771756 0.145934895215681 0.123213435813562
  0.156187629718971 0.155716632893561 0.155280886771756 0.145934895215681 0.123213435813562
  0.156187629718971 0.155716632893561 0.155280886771756 0.145934895215681 0.123213435813562
  0.156187629718971 0.155716632893561 0.155280886771756 0.145934895215681 0.123213435813562
  0.156187629718971 0.155716632893561 0.155280886771756 0.145934895215681 0.123213435813562
  0.156187629718971 0.155716632893561 0.155280886771756 0.145934895215681 0.123213435813562
  0.156187629718971 0.155716632893561 0.155280886771756 0.145934895215681 0.123213435813562
  0.156187629718971 0.155716632893561 0.155280886771756 0.145934895215681 0.123213435813562
  0.156187629718971 0.155716632893561 0.155280886771756 0.145934895215681 0.123213435813562
  0.156187629718971 0.155716632893561 0.155280886771756 0.145934895215681 0.123213435813562
  0.156187629718971 0.155716632893561 0.155280886771756 0.145934895215681 0.123213435813562
  0.156187629718971 0.155716632893561 0.155280886771756 0.145934895215681 0.123213435813562
  0.156187629718971 0.155716632893561 0.155280886771756 0.145934895215681 0.123213435813562
  0.156187629718971 0.155716632893561 0.155280886771756 0.145934895215681 0.123213435813562
  0.156187629718971 0.155716632893561 0.155280886771756 0.145934895215681 0.123213435813562
  0.156187629718971 0.155716632893561 0.155280886771756 0.145934895215681 0.123213435813562
  0.156187629718971 0.155716632893561 0.155280886771756 0.145934895215681 0.123213435813562
  0.156187629718971 0.155716632893561 0.155280886771756 0.145934895215681 0.123213435813562
  0.156187629718971 0.155716632893561 0.155280886771756 0.145934895215681 0.123213435813562
  0.156187629718971 0.155716632893561 0.155280886771756 0.145934895215681 0.123213435813562
  0.156187629718971 0.155716632893561 0.155280886771756 0.145934895215681 0.123213435813562
  0.156187629718971 0.155716632893561 0.155280886771756 0.145934895215681 0.123213435813562
  0.156187629718971 0.155716632893561 0.155280886771756 0.145934895215681 0.123213435813562
  0.156187629718971 0.155716632893561 0.155280886771756 0.145934895215681 0.123213435813562
  0.156187629718971 0.155716632893561 0.155280886771756 0.145934895215681 0.123213435813562
  0.156187629718971 0.155716632893561 0.155280886771756 0.145934895215681 0.123213435813562
  0.156187629718971 0.155716632893561 0.155280886771756 0.145934895215681 0.123213435813562
  0.156187629718971 0.155716632893561 0.155280886771756 0.145934895215681 0.123213435813562
  0.156187629718971 0.155716632893561 0.155280886771756 0.145934895215681 0.123213435813562
  0.156187629718971 0.155716632893561 0.155280886771756 0.145934895215681 0.123213435813562
  0.156187629718971 0.155716632893561 0.155280886771756 0.145934895215681 0.123213435813562
  0.156187629718971 0.155716632893561 0.155280886771756 0.145934895215681 0.123213435813562
  0.156187629718971 0.155716632893561 0.155280886771756 0.145934895215681 0.123213435813562
  0.156187629718971 0.155716632893561 0.155280886771756 0.145934895215681 0.123213435813562
  0.156187629718971 0.155716632893561 0.155280886771756 0.145934895215681 0.123213435813562
  0.156187629718971 0.155716632893561 0.155280886771756 0.145934895215681 0.123213435813562
  0.156187629718971 0.155716632893561 0.155280886771756 0.145934895215681 0.123213435813562
  0.156187629718971 0.155716632893561 0.155280886771756 0.145934895215681 0.123213435813562
  0.156187629718971 0.155716632893561 0.155280886771756 0.145934895215681 0.123213435813562
  0.156187629718971 0.155716632893561 0.155280886771756 0.145934895215681 0.123213435813562
  0.156187629718971 0.155716632893561 0.155280886771756 0.145934895215681 0.123213435813562
  0.156187629718971 0.155716632893561 0.155280886771756 0.145934895215681 0.123213435813562
  0.156187629718971 0.155716632893561 0.155280886771756 0.145934895215681 0.123213435813562
  0.156187629718971 0.155716632893561 0.155280886771756 0.145934895215681 0.123213435813562
  0.156187629718971 0.155716632893561 0.155280886771756 0.145934895215681 0.123213435813562
  0.156187629718971 0.155716632893561 0.155280886771756 0.145934895215681 0.123213435813562
  0.156187629718971 0.155716632893561 0.155280886771756 0.145934895215681 0.123213435813562
  0.156187629718971 0.155716632893561 0.155280886771756 0.145934895215681 0.123213435813562
  0.156187629718971 0.155716632893561 0.155280886771756 0.145934895215681 0.123213435813562
  0.156187629718971 0.155716632893561 0.155280886771756 0.145934895215681 0.123213435813562
  0.156187629718971 0.155716632893561 0.155280886771756 0.145934895215681 0.123213435813562
  0.156187629718971 0.155716632893561 0.155280886771756 0.145934895215681 0.123213435813562
  0.156187629718971 0.155716632893561 0.155280886771756 0.145934895215681 0.123213435813562
  0.156187629718971 0.155716632893561 0.155280886771756 0.145934895215681 0.123213435813562
  0.156187629718971 0.155716632893561 0.155280886771756 0.145934895215681 0.123213435813562
  0.156187629718971 0.155716632893561 0.155280886771756 0.145934895215681 0.123213435813562
  0.156187629718971 0.155716632893561 0.155280886771756 0.145934895215681 0.123213435813562
  0.156187629718971 0.155716632893561 0.155280886771756 0.145934895215681 0.123213435813562
  0.156187629718971 0.155716632893561 0.155280886771756 0.145934895215681 0.123213435813562
  0.156187629718971 0.155716632893561 0.155280886771756 0.145934895215681 0.123213435813562
  0.156187629718971 0.155716632893561 0.155280886771756 0.145934895215681 0.123213435813562
  0.156187629718971 0.155716632893561 0.155280886771756 0.145934895215681 0.123213435813562
  0.156187629718971 0.155716632893561 0.155280886771756 0.145934895215681 0.123213435813562
  0.156187629718971 0.155716632893561 0.155280886771756 0.145934895215681 0.123213435813562
  0.156187629718971 0.155716632893561 0.155280886771756 0.145934895215681 0.123213435813562
#  Green_halibut
  3.95255358135839 5.51403477985614 14.3750488561058 22.5341796576198 30.3766373346071
  3.95255358135839 5.51403477985614 14.3750488561058 22.5341796576198 30.3766373346071
  3.95255358135839 5.51403477985614 14.3750488561058 22.5341796576198 30.3766373346071
  3.95255358135839 5.51403477985614 14.3750488561058 22.5341796576198 30.3766373346071
  3.95255358135839 5.51403477985614 14.3750488561058 22.5341796576198 30.3766373346071
  3.95255358135839 5.51403477985614 14.3750488561058 22.5341796576198 30.3766373346071
  3.95255358135839 5.51403477985614 14.3750488561058 22.5341796576198 30.3766373346071
  3.95255358135839 5.51403477985614 14.3750488561058 22.5341796576198 30.3766373346071
  3.95255358135839 5.51403477985614 14.3750488561058 22.5341796576198 30.3766373346071
  3.95255358135839 5.51403477985614 14.3750488561058 22.5341796576198 30.3766373346071
  3.95255358135839 5.51403477985614 14.3750488561058 22.5341796576198 30.3766373346071
  3.95255358135839 5.51403477985614 14.3750488561058 22.5341796576198 30.3766373346071
  3.95255358135839 5.51403477985614 14.3750488561058 22.5341796576198 30.3766373346071
  3.95255358135839 5.51403477985614 14.3750488561058 22.5341796576198 30.3766373346071
  3.95255358135839 5.51403477985614 14.3750488561058 22.5341796576198 30.3766373346071
  3.95255358135839 5.51403477985614 14.3750488561058 22.5341796576198 30.3766373346071
  3.95255358135839 5.51403477985614 14.3750488561058 22.5341796576198 30.3766373346071
  3.95255358135839 5.51403477985614 14.3750488561058 22.5341796576198 30.3766373346071
  3.95255358135839 5.51403477985614 14.3750488561058 22.5341796576198 30.3766373346071
  3.95255358135839 5.51403477985614 14.3750488561058 22.5341796576198 30.3766373346071
  3.95255358135839 5.51403477985614 14.3750488561058 22.5341796576198 30.3766373346071
  3.95255358135839 5.51403477985614 14.3750488561058 22.5341796576198 30.3766373346071
  3.95255358135839 5.51403477985614 14.3750488561058 22.5341796576198 30.3766373346071
  3.95255358135839 5.51403477985614 14.3750488561058 22.5341796576198 30.3766373346071
  3.95255358135839 5.51403477985614 14.3750488561058 22.5341796576198 30.3766373346071
  3.95255358135839 5.51403477985614 14.3750488561058 22.5341796576198 30.3766373346071
  3.95255358135839 5.51403477985614 14.3750488561058 22.5341796576198 30.3766373346071
  3.95255358135839 5.51403477985614 14.3750488561058 22.5341796576198 30.3766373346071
  3.95255358135839 5.51403477985614 14.3750488561058 22.5341796576198 30.3766373346071
  3.95255358135839 5.51403477985614 14.3750488561058 22.5341796576198 30.3766373346071
  3.95255358135839 5.51403477985614 14.3750488561058 22.5341796576198 30.3766373346071
  3.95255358135839 5.51403477985614 14.3750488561058 22.5341796576198 30.3766373346071
  3.95255358135839 5.51403477985614 14.3750488561058 22.5341796576198 30.3766373346071
  3.95255358135839 5.51403477985614 14.3750488561058 22.5341796576198 30.3766373346071
  3.95255358135839 5.51403477985614 14.3750488561058 22.5341796576198 30.3766373346071
  3.95255358135839 5.51403477985614 14.3750488561058 22.5341796576198 30.3766373346071
  3.95255358135839 5.51403477985614 14.3750488561058 22.5341796576198 30.3766373346071
  3.95255358135839 5.51403477985614 14.3750488561058 22.5341796576198 30.3766373346071
  3.95255358135839 5.51403477985614 14.3750488561058 22.5341796576198 30.3766373346071
  3.95255358135839 5.51403477985614 14.3750488561058 22.5341796576198 30.3766373346071
  3.95255358135839 5.51403477985614 14.3750488561058 22.5341796576198 30.3766373346071
  3.95255358135839 5.51403477985614 14.3750488561058 22.5341796576198 30.3766373346071
  3.95255358135839 5.51403477985614 14.3750488561058 22.5341796576198 30.3766373346071
  3.95255358135839 5.51403477985614 14.3750488561058 22.5341796576198 30.3766373346071
  3.95255358135839 5.51403477985614 14.3750488561058 22.5341796576198 30.3766373346071
  3.95255358135839 5.51403477985614 14.3750488561058 22.5341796576198 30.3766373346071
  3.95255358135839 5.51403477985614 14.3750488561058 22.5341796576198 30.3766373346071
  3.95255358135839 5.51403477985614 14.3750488561058 22.5341796576198 30.3766373346071
  3.95255358135839 5.51403477985614 14.3750488561058 22.5341796576198 30.3766373346071
  3.95255358135839 5.51403477985614 14.3750488561058 22.5341796576198 30.3766373346071
  3.95255358135839 5.51403477985614 14.3750488561058 22.5341796576198 30.3766373346071
  3.95255358135839 5.51403477985614 14.3750488561058 22.5341796576198 30.3766373346071
  3.95255358135839 5.51403477985614 14.3750488561058 22.5341796576198 30.3766373346071
  3.95255358135839 5.51403477985614 14.3750488561058 22.5341796576198 30.3766373346071
  3.95255358135839 5.51403477985614 14.3750488561058 22.5341796576198 30.3766373346071
  3.95255358135839 5.51403477985614 14.3750488561058 22.5341796576198 30.3766373346071
  3.95255358135839 5.51403477985614 14.3750488561058 22.5341796576198 30.3766373346071
  3.95255358135839 5.51403477985614 14.3750488561058 22.5341796576198 30.3766373346071
  3.95255358135839 5.51403477985614 14.3750488561058 22.5341796576198 30.3766373346071
  3.95255358135839 5.51403477985614 14.3750488561058 22.5341796576198 30.3766373346071
  3.95255358135839 5.51403477985614 14.3750488561058 22.5341796576198 30.3766373346071
  3.95255358135839 5.51403477985614 14.3750488561058 22.5341796576198 30.3766373346071
  3.95255358135839 5.51403477985614 14.3750488561058 22.5341796576198 30.3766373346071
  3.95255358135839 5.51403477985614 14.3750488561058 22.5341796576198 30.3766373346071
  3.95255358135839 5.51403477985614 14.3750488561058 22.5341796576198 30.3766373346071
  3.95255358135839 5.51403477985614 14.3750488561058 22.5341796576198 30.3766373346071
  3.95255358135839 5.51403477985614 14.3750488561058 22.5341796576198 30.3766373346071
  3.95255358135839 5.51403477985614 14.3750488561058 22.5341796576198 30.3766373346071
  3.95255358135839 5.51403477985614 14.3750488561058 22.5341796576198 30.3766373346071
  3.95255358135839 5.51403477985614 14.3750488561058 22.5341796576198 30.3766373346071
  3.95255358135839 5.51403477985614 14.3750488561058 22.5341796576198 30.3766373346071
  3.95255358135839 5.51403477985614 14.3750488561058 22.5341796576198 30.3766373346071
  3.95255358135839 5.51403477985614 14.3750488561058 22.5341796576198 30.3766373346071
  3.95255358135839 5.51403477985614 14.3750488561058 22.5341796576198 30.3766373346071
  3.95255358135839 5.51403477985614 14.3750488561058 22.5341796576198 30.3766373346071
  3.95255358135839 5.51403477985614 14.3750488561058 22.5341796576198 30.3766373346071
  3.95255358135839 5.51403477985614 14.3750488561058 22.5341796576198 30.3766373346071
  3.95255358135839 5.51403477985614 14.3750488561058 22.5341796576198 30.3766373346071
  3.95255358135839 5.51403477985614 14.3750488561058 22.5341796576198 30.3766373346071
  3.95255358135839 5.51403477985614 14.3750488561058 22.5341796576198 30.3766373346071
  3.95255358135839 5.51403477985614 14.3750488561058 22.5341796576198 30.3766373346071
#  Haddock
  9.72997142075223 14.5042714263283 18.5830064074006 22.2050471149132 24.9573367457734
  9.72997142075223 14.5042714263283 18.5830064074006 22.2050471149132 24.9573367457734
  9.72997142075223 14.5042714263283 18.5830064074006 22.2050471149132 24.9573367457734
  9.72997142075223 14.5042714263283 18.5830064074006 22.2050471149132 24.9573367457734
  9.72997142075223 14.5042714263283 18.5830064074006 22.2050471149132 24.9573367457734
  9.72997142075223 14.5042714263283 18.5830064074006 22.2050471149132 24.9573367457734
  9.72997142075223 14.5042714263283 18.5830064074006 22.2050471149132 24.9573367457734
  9.72997142075223 14.5042714263283 18.5830064074006 22.2050471149132 24.9573367457734
  9.72997142075223 14.5042714263283 18.5830064074006 22.2050471149132 24.9573367457734
  9.72997142075223 14.5042714263283 18.5830064074006 22.2050471149132 24.9573367457734
  9.72997142075223 14.5042714263283 18.5830064074006 22.2050471149132 24.9573367457734
  9.72997142075223 14.5042714263283 18.5830064074006 22.2050471149132 24.9573367457734
  9.72997142075223 14.5042714263283 18.5830064074006 22.2050471149132 24.9573367457734
  9.72997142075223 14.5042714263283 18.5830064074006 22.2050471149132 24.9573367457734
  9.72997142075223 14.5042714263283 18.5830064074006 22.2050471149132 24.9573367457734
  9.72997142075223 14.5042714263283 18.5830064074006 22.2050471149132 24.9573367457734
  9.72997142075223 14.5042714263283 18.5830064074006 22.2050471149132 24.9573367457734
  9.72997142075223 14.5042714263283 18.5830064074006 22.2050471149132 24.9573367457734
  9.72997142075223 14.5042714263283 18.5830064074006 22.2050471149132 24.9573367457734
  9.72997142075223 14.5042714263283 18.5830064074006 22.2050471149132 24.9573367457734
  9.72997142075223 14.5042714263283 18.5830064074006 22.2050471149132 24.9573367457734
  9.72997142075223 14.5042714263283 18.5830064074006 22.2050471149132 24.9573367457734
  9.72997142075223 14.5042714263283 18.5830064074006 22.2050471149132 24.9573367457734
  9.72997142075223 14.5042714263283 18.5830064074006 22.2050471149132 24.9573367457734
  9.72997142075223 14.5042714263283 18.5830064074006 22.2050471149132 24.9573367457734
  9.72997142075223 14.5042714263283 18.5830064074006 22.2050471149132 24.9573367457734
  9.72997142075223 14.5042714263283 18.5830064074006 22.2050471149132 24.9573367457734
  9.72997142075223 14.5042714263283 18.5830064074006 22.2050471149132 24.9573367457734
  9.72997142075223 14.5042714263283 18.5830064074006 22.2050471149132 24.9573367457734
  9.72997142075223 14.5042714263283 18.5830064074006 22.2050471149132 24.9573367457734
  9.72997142075223 14.5042714263283 18.5830064074006 22.2050471149132 24.9573367457734
  9.72997142075223 14.5042714263283 18.5830064074006 22.2050471149132 24.9573367457734
  9.72997142075223 14.5042714263283 18.5830064074006 22.2050471149132 24.9573367457734
  9.72997142075223 14.5042714263283 18.5830064074006 22.2050471149132 24.9573367457734
  9.72997142075223 14.5042714263283 18.5830064074006 22.2050471149132 24.9573367457734
  9.72997142075223 14.5042714263283 18.5830064074006 22.2050471149132 24.9573367457734
  9.72997142075223 14.5042714263283 18.5830064074006 22.2050471149132 24.9573367457734
  9.72997142075223 14.5042714263283 18.5830064074006 22.2050471149132 24.9573367457734
  9.72997142075223 14.5042714263283 18.5830064074006 22.2050471149132 24.9573367457734
  9.72997142075223 14.5042714263283 18.5830064074006 22.2050471149132 24.9573367457734
  9.72997142075223 14.5042714263283 18.5830064074006 22.2050471149132 24.9573367457734
  9.72997142075223 14.5042714263283 18.5830064074006 22.2050471149132 24.9573367457734
  9.72997142075223 14.5042714263283 18.5830064074006 22.2050471149132 24.9573367457734
  9.72997142075223 14.5042714263283 18.5830064074006 22.2050471149132 24.9573367457734
  9.72997142075223 14.5042714263283 18.5830064074006 22.2050471149132 24.9573367457734
  9.72997142075223 14.5042714263283 18.5830064074006 22.2050471149132 24.9573367457734
  9.72997142075223 14.5042714263283 18.5830064074006 22.2050471149132 24.9573367457734
  9.72997142075223 14.5042714263283 18.5830064074006 22.2050471149132 24.9573367457734
  9.72997142075223 14.5042714263283 18.5830064074006 22.2050471149132 24.9573367457734
  9.72997142075223 14.5042714263283 18.5830064074006 22.2050471149132 24.9573367457734
  9.72997142075223 14.5042714263283 18.5830064074006 22.2050471149132 24.9573367457734
  9.72997142075223 14.5042714263283 18.5830064074006 22.2050471149132 24.9573367457734
  9.72997142075223 14.5042714263283 18.5830064074006 22.2050471149132 24.9573367457734
  9.72997142075223 14.5042714263283 18.5830064074006 22.2050471149132 24.9573367457734
  9.72997142075223 14.5042714263283 18.5830064074006 22.2050471149132 24.9573367457734
  9.72997142075223 14.5042714263283 18.5830064074006 22.2050471149132 24.9573367457734
  9.72997142075223 14.5042714263283 18.5830064074006 22.2050471149132 24.9573367457734
  9.72997142075223 14.5042714263283 18.5830064074006 22.2050471149132 24.9573367457734
  9.72997142075223 14.5042714263283 18.5830064074006 22.2050471149132 24.9573367457734
  9.72997142075223 14.5042714263283 18.5830064074006 22.2050471149132 24.9573367457734
  9.72997142075223 14.5042714263283 18.5830064074006 22.2050471149132 24.9573367457734
  9.72997142075223 14.5042714263283 18.5830064074006 22.2050471149132 24.9573367457734
  9.72997142075223 14.5042714263283 18.5830064074006 22.2050471149132 24.9573367457734
  9.72997142075223 14.5042714263283 18.5830064074006 22.2050471149132 24.9573367457734
  9.72997142075223 14.5042714263283 18.5830064074006 22.2050471149132 24.9573367457734
  9.72997142075223 14.5042714263283 18.5830064074006 22.2050471149132 24.9573367457734
  9.72997142075223 14.5042714263283 18.5830064074006 22.2050471149132 24.9573367457734
  9.72997142075223 14.5042714263283 18.5830064074006 22.2050471149132 24.9573367457734
  9.72997142075223 14.5042714263283 18.5830064074006 22.2050471149132 24.9573367457734
  9.72997142075223 14.5042714263283 18.5830064074006 22.2050471149132 24.9573367457734
  9.72997142075223 14.5042714263283 18.5830064074006 22.2050471149132 24.9573367457734
  9.72997142075223 14.5042714263283 18.5830064074006 22.2050471149132 24.9573367457734
  9.72997142075223 14.5042714263283 18.5830064074006 22.2050471149132 24.9573367457734
  9.72997142075223 14.5042714263283 18.5830064074006 22.2050471149132 24.9573367457734
  9.72997142075223 14.5042714263283 18.5830064074006 22.2050471149132 24.9573367457734
  9.72997142075223 14.5042714263283 18.5830064074006 22.2050471149132 24.9573367457734
  9.72997142075223 14.5042714263283 18.5830064074006 22.2050471149132 24.9573367457734
  9.72997142075223 14.5042714263283 18.5830064074006 22.2050471149132 24.9573367457734
  9.72997142075223 14.5042714263283 18.5830064074006 22.2050471149132 24.9573367457734
  9.72997142075223 14.5042714263283 18.5830064074006 22.2050471149132 24.9573367457734
  9.72997142075223 14.5042714263283 18.5830064074006 22.2050471149132 24.9573367457734
#  Long_rough_dab
  0.514253944620568 5.7591727702084 11.4675205574993 15.3370956351502 17.1253741727597
  0.514253944620568 5.7591727702084 11.4675205574993 15.3370956351502 17.1253741727597
  0.514253944620568 5.7591727702084 11.4675205574993 15.3370956351502 17.1253741727597
  0.514253944620568 5.7591727702084 11.4675205574993 15.3370956351502 17.1253741727597
  0.514253944620568 5.7591727702084 11.4675205574993 15.3370956351502 17.1253741727597
  0.514253944620568 5.7591727702084 11.4675205574993 15.3370956351502 17.1253741727597
  0.514253944620568 5.7591727702084 11.4675205574993 15.3370956351502 17.1253741727597
  0.514253944620568 5.7591727702084 11.4675205574993 15.3370956351502 17.1253741727597
  0.514253944620568 5.7591727702084 11.4675205574993 15.3370956351502 17.1253741727597
  0.514253944620568 5.7591727702084 11.4675205574993 15.3370956351502 17.1253741727597
  0.514253944620568 5.7591727702084 11.4675205574993 15.3370956351502 17.1253741727597
  0.514253944620568 5.7591727702084 11.4675205574993 15.3370956351502 17.1253741727597
  0.514253944620568 5.7591727702084 11.4675205574993 15.3370956351502 17.1253741727597
  0.514253944620568 5.7591727702084 11.4675205574993 15.3370956351502 17.1253741727597
  0.514253944620568 5.7591727702084 11.4675205574993 15.3370956351502 17.1253741727597
  0.514253944620568 5.7591727702084 11.4675205574993 15.3370956351502 17.1253741727597
  0.514253944620568 5.7591727702084 11.4675205574993 15.3370956351502 17.1253741727597
  0.514253944620568 5.7591727702084 11.4675205574993 15.3370956351502 17.1253741727597
  0.514253944620568 5.7591727702084 11.4675205574993 15.3370956351502 17.1253741727597
  0.514253944620568 5.7591727702084 11.4675205574993 15.3370956351502 17.1253741727597
  0.514253944620568 5.7591727702084 11.4675205574993 15.3370956351502 17.1253741727597
  0.514253944620568 5.7591727702084 11.4675205574993 15.3370956351502 17.1253741727597
  0.514253944620568 5.7591727702084 11.4675205574993 15.3370956351502 17.1253741727597
  0.514253944620568 5.7591727702084 11.4675205574993 15.3370956351502 17.1253741727597
  0.514253944620568 5.7591727702084 11.4675205574993 15.3370956351502 17.1253741727597
  0.514253944620568 5.7591727702084 11.4675205574993 15.3370956351502 17.1253741727597
  0.514253944620568 5.7591727702084 11.4675205574993 15.3370956351502 17.1253741727597
  0.514253944620568 5.7591727702084 11.4675205574993 15.3370956351502 17.1253741727597
  0.514253944620568 5.7591727702084 11.4675205574993 15.3370956351502 17.1253741727597
  0.514253944620568 5.7591727702084 11.4675205574993 15.3370956351502 17.1253741727597
  0.514253944620568 5.7591727702084 11.4675205574993 15.3370956351502 17.1253741727597
  0.514253944620568 5.7591727702084 11.4675205574993 15.3370956351502 17.1253741727597
  0.514253944620568 5.7591727702084 11.4675205574993 15.3370956351502 17.1253741727597
  0.514253944620568 5.7591727702084 11.4675205574993 15.3370956351502 17.1253741727597
  0.514253944620568 5.7591727702084 11.4675205574993 15.3370956351502 17.1253741727597
  0.514253944620568 5.7591727702084 11.4675205574993 15.3370956351502 17.1253741727597
  0.514253944620568 5.7591727702084 11.4675205574993 15.3370956351502 17.1253741727597
  0.514253944620568 5.7591727702084 11.4675205574993 15.3370956351502 17.1253741727597
  0.514253944620568 5.7591727702084 11.4675205574993 15.3370956351502 17.1253741727597
  0.514253944620568 5.7591727702084 11.4675205574993 15.3370956351502 17.1253741727597
  0.514253944620568 5.7591727702084 11.4675205574993 15.3370956351502 17.1253741727597
  0.514253944620568 5.7591727702084 11.4675205574993 15.3370956351502 17.1253741727597
  0.514253944620568 5.7591727702084 11.4675205574993 15.3370956351502 17.1253741727597
  0.514253944620568 5.7591727702084 11.4675205574993 15.3370956351502 17.1253741727597
  0.514253944620568 5.7591727702084 11.4675205574993 15.3370956351502 17.1253741727597
  0.514253944620568 5.7591727702084 11.4675205574993 15.3370956351502 17.1253741727597
  0.514253944620568 5.7591727702084 11.4675205574993 15.3370956351502 17.1253741727597
  0.514253944620568 5.7591727702084 11.4675205574993 15.3370956351502 17.1253741727597
  0.514253944620568 5.7591727702084 11.4675205574993 15.3370956351502 17.1253741727597
  0.514253944620568 5.7591727702084 11.4675205574993 15.3370956351502 17.1253741727597
  0.514253944620568 5.7591727702084 11.4675205574993 15.3370956351502 17.1253741727597
  0.514253944620568 5.7591727702084 11.4675205574993 15.3370956351502 17.1253741727597
  0.514253944620568 5.7591727702084 11.4675205574993 15.3370956351502 17.1253741727597
  0.514253944620568 5.7591727702084 11.4675205574993 15.3370956351502 17.1253741727597
  0.514253944620568 5.7591727702084 11.4675205574993 15.3370956351502 17.1253741727597
  0.514253944620568 5.7591727702084 11.4675205574993 15.3370956351502 17.1253741727597
  0.514253944620568 5.7591727702084 11.4675205574993 15.3370956351502 17.1253741727597
  0.514253944620568 5.7591727702084 11.4675205574993 15.3370956351502 17.1253741727597
  0.514253944620568 5.7591727702084 11.4675205574993 15.3370956351502 17.1253741727597
  0.514253944620568 5.7591727702084 11.4675205574993 15.3370956351502 17.1253741727597
  0.514253944620568 5.7591727702084 11.4675205574993 15.3370956351502 17.1253741727597
  0.514253944620568 5.7591727702084 11.4675205574993 15.3370956351502 17.1253741727597
  0.514253944620568 5.7591727702084 11.4675205574993 15.3370956351502 17.1253741727597
  0.514253944620568 5.7591727702084 11.4675205574993 15.3370956351502 17.1253741727597
  0.514253944620568 5.7591727702084 11.4675205574993 15.3370956351502 17.1253741727597
  0.514253944620568 5.7591727702084 11.4675205574993 15.3370956351502 17.1253741727597
  0.514253944620568 5.7591727702084 11.4675205574993 15.3370956351502 17.1253741727597
  0.514253944620568 5.7591727702084 11.4675205574993 15.3370956351502 17.1253741727597
  0.514253944620568 5.7591727702084 11.4675205574993 15.3370956351502 17.1253741727597
  0.514253944620568 5.7591727702084 11.4675205574993 15.3370956351502 17.1253741727597
  0.514253944620568 5.7591727702084 11.4675205574993 15.3370956351502 17.1253741727597
  0.514253944620568 5.7591727702084 11.4675205574993 15.3370956351502 17.1253741727597
  0.514253944620568 5.7591727702084 11.4675205574993 15.3370956351502 17.1253741727597
  0.514253944620568 5.7591727702084 11.4675205574993 15.3370956351502 17.1253741727597
  0.514253944620568 5.7591727702084 11.4675205574993 15.3370956351502 17.1253741727597
  0.514253944620568 5.7591727702084 11.4675205574993 15.3370956351502 17.1253741727597
  0.514253944620568 5.7591727702084 11.4675205574993 15.3370956351502 17.1253741727597
  0.514253944620568 5.7591727702084 11.4675205574993 15.3370956351502 17.1253741727597
  0.514253944620568 5.7591727702084 11.4675205574993 15.3370956351502 17.1253741727597
  0.514253944620568 5.7591727702084 11.4675205574993 15.3370956351502 17.1253741727597
  0.514253944620568 5.7591727702084 11.4675205574993 15.3370956351502 17.1253741727597
#  Mackerel
  73.5552546319052 64.497690109287 118.214546304551 137.726717742004 143.462514300553
  73.5552546319052 64.497690109287 118.214546304551 137.726717742004 143.462514300553
  73.5552546319052 64.497690109287 118.214546304551 137.726717742004 143.462514300553
  73.5552546319052 64.497690109287 118.214546304551 137.726717742004 143.462514300553
  73.5552546319052 64.497690109287 118.214546304551 137.726717742004 143.462514300553
  73.5552546319052 64.497690109287 118.214546304551 137.726717742004 143.462514300553
  73.5552546319052 64.497690109287 118.214546304551 137.726717742004 143.462514300553
  73.5552546319052 64.497690109287 118.214546304551 137.726717742004 143.462514300553
  73.5552546319052 64.497690109287 118.214546304551 137.726717742004 143.462514300553
  73.5552546319052 64.497690109287 118.214546304551 137.726717742004 143.462514300553
  73.5552546319052 64.497690109287 118.214546304551 137.726717742004 143.462514300553
  73.5552546319052 64.497690109287 118.214546304551 137.726717742004 143.462514300553
  73.5552546319052 64.497690109287 118.214546304551 137.726717742004 143.462514300553
  73.5552546319052 64.497690109287 118.214546304551 137.726717742004 143.462514300553
  73.5552546319052 64.497690109287 118.214546304551 137.726717742004 143.462514300553
  73.5552546319052 64.497690109287 118.214546304551 137.726717742004 143.462514300553
  73.5552546319052 64.497690109287 118.214546304551 137.726717742004 143.462514300553
  73.5552546319052 64.497690109287 118.214546304551 137.726717742004 143.462514300553
  73.5552546319052 64.497690109287 118.214546304551 137.726717742004 143.462514300553
  73.5552546319052 64.497690109287 118.214546304551 137.726717742004 143.462514300553
  73.5552546319052 64.497690109287 118.214546304551 137.726717742004 143.462514300553
  73.5552546319052 64.497690109287 118.214546304551 137.726717742004 143.462514300553
  73.5552546319052 64.497690109287 118.214546304551 137.726717742004 143.462514300553
  73.5552546319052 64.497690109287 118.214546304551 137.726717742004 143.462514300553
  73.5552546319052 64.497690109287 118.214546304551 137.726717742004 143.462514300553
  73.5552546319052 64.497690109287 118.214546304551 137.726717742004 143.462514300553
  73.5552546319052 64.497690109287 118.214546304551 137.726717742004 143.462514300553
  73.5552546319052 64.497690109287 118.214546304551 137.726717742004 143.462514300553
  73.5552546319052 64.497690109287 118.214546304551 137.726717742004 143.462514300553
  73.5552546319052 64.497690109287 118.214546304551 137.726717742004 143.462514300553
  73.5552546319052 64.497690109287 118.214546304551 137.726717742004 143.462514300553
  73.5552546319052 64.497690109287 118.214546304551 137.726717742004 143.462514300553
  73.5552546319052 64.497690109287 118.214546304551 137.726717742004 143.462514300553
  73.5552546319052 64.497690109287 118.214546304551 137.726717742004 143.462514300553
  73.5552546319052 64.497690109287 118.214546304551 137.726717742004 143.462514300553
  73.5552546319052 64.497690109287 118.214546304551 137.726717742004 143.462514300553
  73.5552546319052 64.497690109287 118.214546304551 137.726717742004 143.462514300553
  73.5552546319052 64.497690109287 118.214546304551 137.726717742004 143.462514300553
  73.5552546319052 64.497690109287 118.214546304551 137.726717742004 143.462514300553
  73.5552546319052 64.497690109287 118.214546304551 137.726717742004 143.462514300553
  73.5552546319052 64.497690109287 118.214546304551 137.726717742004 143.462514300553
  73.5552546319052 64.497690109287 118.214546304551 137.726717742004 143.462514300553
  73.5552546319052 64.497690109287 118.214546304551 137.726717742004 143.462514300553
  73.5552546319052 64.497690109287 118.214546304551 137.726717742004 143.462514300553
  73.5552546319052 64.497690109287 118.214546304551 137.726717742004 143.462514300553
  73.5552546319052 64.497690109287 118.214546304551 137.726717742004 143.462514300553
  73.5552546319052 64.497690109287 118.214546304551 137.726717742004 143.462514300553
  73.5552546319052 64.497690109287 118.214546304551 137.726717742004 143.462514300553
  73.5552546319052 64.497690109287 118.214546304551 137.726717742004 143.462514300553
  73.5552546319052 64.497690109287 118.214546304551 137.726717742004 143.462514300553
  73.5552546319052 64.497690109287 118.214546304551 137.726717742004 143.462514300553
  73.5552546319052 64.497690109287 118.214546304551 137.726717742004 143.462514300553
  73.5552546319052 64.497690109287 118.214546304551 137.726717742004 143.462514300553
  73.5552546319052 64.497690109287 118.214546304551 137.726717742004 143.462514300553
  73.5552546319052 64.497690109287 118.214546304551 137.726717742004 143.462514300553
  73.5552546319052 64.497690109287 118.214546304551 137.726717742004 143.462514300553
  73.5552546319052 64.497690109287 118.214546304551 137.726717742004 143.462514300553
  73.5552546319052 64.497690109287 118.214546304551 137.726717742004 143.462514300553
  73.5552546319052 64.497690109287 118.214546304551 137.726717742004 143.462514300553
  73.5552546319052 64.497690109287 118.214546304551 137.726717742004 143.462514300553
  73.5552546319052 64.497690109287 118.214546304551 137.726717742004 143.462514300553
  73.5552546319052 64.497690109287 118.214546304551 137.726717742004 143.462514300553
  73.5552546319052 64.497690109287 118.214546304551 137.726717742004 143.462514300553
  73.5552546319052 64.497690109287 118.214546304551 137.726717742004 143.462514300553
  73.5552546319052 64.497690109287 118.214546304551 137.726717742004 143.462514300553
  73.5552546319052 64.497690109287 118.214546304551 137.726717742004 143.462514300553
  73.5552546319052 64.497690109287 118.214546304551 137.726717742004 143.462514300553
  73.5552546319052 64.497690109287 118.214546304551 137.726717742004 143.462514300553
  73.5552546319052 64.497690109287 118.214546304551 137.726717742004 143.462514300553
  73.5552546319052 64.497690109287 118.214546304551 137.726717742004 143.462514300553
  73.5552546319052 64.497690109287 118.214546304551 137.726717742004 143.462514300553
  73.5552546319052 64.497690109287 118.214546304551 137.726717742004 143.462514300553
  73.5552546319052 64.497690109287 118.214546304551 137.726717742004 143.462514300553
  73.5552546319052 64.497690109287 118.214546304551 137.726717742004 143.462514300553
  73.5552546319052 64.497690109287 118.214546304551 137.726717742004 143.462514300553
  73.5552546319052 64.497690109287 118.214546304551 137.726717742004 143.462514300553
  73.5552546319052 64.497690109287 118.214546304551 137.726717742004 143.462514300553
  73.5552546319052 64.497690109287 118.214546304551 137.726717742004 143.462514300553
  73.5552546319052 64.497690109287 118.214546304551 137.726717742004 143.462514300553
  73.5552546319052 64.497690109287 118.214546304551 137.726717742004 143.462514300553
  73.5552546319052 64.497690109287 118.214546304551 137.726717742004 143.462514300553
#  North_atl_cod
  87.430221867159 86.9816659095634 75.6884003160442 45.621375179716 55.3768294587355
  87.430221867159 86.9816659095634 75.6884003160442 45.621375179716 55.3768294587355
  87.430221867159 86.9816659095634 75.6884003160442 45.621375179716 55.3768294587355
  87.430221867159 86.9816659095634 75.6884003160442 45.621375179716 55.3768294587355
  87.430221867159 86.9816659095634 75.6884003160442 45.621375179716 55.3768294587355
  87.430221867159 86.9816659095634 75.6884003160442 45.621375179716 55.3768294587355
  87.430221867159 86.9816659095634 75.6884003160442 45.621375179716 55.3768294587355
  87.430221867159 86.9816659095634 75.6884003160442 45.621375179716 55.3768294587355
  87.430221867159 86.9816659095634 75.6884003160442 45.621375179716 55.3768294587355
  87.430221867159 86.9816659095634 75.6884003160442 45.621375179716 55.3768294587355
  87.430221867159 86.9816659095634 75.6884003160442 45.621375179716 55.3768294587355
  87.430221867159 86.9816659095634 75.6884003160442 45.621375179716 55.3768294587355
  87.430221867159 86.9816659095634 75.6884003160442 45.621375179716 55.3768294587355
  87.430221867159 86.9816659095634 75.6884003160442 45.621375179716 55.3768294587355
  87.430221867159 86.9816659095634 75.6884003160442 45.621375179716 55.3768294587355
  87.430221867159 86.9816659095634 75.6884003160442 45.621375179716 55.3768294587355
  87.430221867159 86.9816659095634 75.6884003160442 45.621375179716 55.3768294587355
  87.430221867159 86.9816659095634 75.6884003160442 45.621375179716 55.3768294587355
  87.430221867159 86.9816659095634 75.6884003160442 45.621375179716 55.3768294587355
  87.430221867159 86.9816659095634 75.6884003160442 45.621375179716 55.3768294587355
  87.430221867159 86.9816659095634 75.6884003160442 45.621375179716 55.3768294587355
  87.430221867159 86.9816659095634 75.6884003160442 45.621375179716 55.3768294587355
  87.430221867159 86.9816659095634 75.6884003160442 45.621375179716 55.3768294587355
  87.430221867159 86.9816659095634 75.6884003160442 45.621375179716 55.3768294587355
  87.430221867159 86.9816659095634 75.6884003160442 45.621375179716 55.3768294587355
  87.430221867159 86.9816659095634 75.6884003160442 45.621375179716 55.3768294587355
  87.430221867159 86.9816659095634 75.6884003160442 45.621375179716 55.3768294587355
  87.430221867159 86.9816659095634 75.6884003160442 45.621375179716 55.3768294587355
  87.430221867159 86.9816659095634 75.6884003160442 45.621375179716 55.3768294587355
  87.430221867159 86.9816659095634 75.6884003160442 45.621375179716 55.3768294587355
  87.430221867159 86.9816659095634 75.6884003160442 45.621375179716 55.3768294587355
  87.430221867159 86.9816659095634 75.6884003160442 45.621375179716 55.3768294587355
  87.430221867159 86.9816659095634 75.6884003160442 45.621375179716 55.3768294587355
  87.430221867159 86.9816659095634 75.6884003160442 45.621375179716 55.3768294587355
  87.430221867159 86.9816659095634 75.6884003160442 45.621375179716 55.3768294587355
  87.430221867159 86.9816659095634 75.6884003160442 45.621375179716 55.3768294587355
  87.430221867159 86.9816659095634 75.6884003160442 45.621375179716 55.3768294587355
  87.430221867159 86.9816659095634 75.6884003160442 45.621375179716 55.3768294587355
  87.430221867159 86.9816659095634 75.6884003160442 45.621375179716 55.3768294587355
  87.430221867159 86.9816659095634 75.6884003160442 45.621375179716 55.3768294587355
  87.430221867159 86.9816659095634 75.6884003160442 45.621375179716 55.3768294587355
  87.430221867159 86.9816659095634 75.6884003160442 45.621375179716 55.3768294587355
  87.430221867159 86.9816659095634 75.6884003160442 45.621375179716 55.3768294587355
  87.430221867159 86.9816659095634 75.6884003160442 45.621375179716 55.3768294587355
  87.430221867159 86.9816659095634 75.6884003160442 45.621375179716 55.3768294587355
  87.430221867159 86.9816659095634 75.6884003160442 45.621375179716 55.3768294587355
  87.430221867159 86.9816659095634 75.6884003160442 45.621375179716 55.3768294587355
  87.430221867159 86.9816659095634 75.6884003160442 45.621375179716 55.3768294587355
  87.430221867159 86.9816659095634 75.6884003160442 45.621375179716 55.3768294587355
  87.430221867159 86.9816659095634 75.6884003160442 45.621375179716 55.3768294587355
  87.430221867159 86.9816659095634 75.6884003160442 45.621375179716 55.3768294587355
  87.430221867159 86.9816659095634 75.6884003160442 45.621375179716 55.3768294587355
  87.430221867159 86.9816659095634 75.6884003160442 45.621375179716 55.3768294587355
  87.430221867159 86.9816659095634 75.6884003160442 45.621375179716 55.3768294587355
  87.430221867159 86.9816659095634 75.6884003160442 45.621375179716 55.3768294587355
  87.430221867159 86.9816659095634 75.6884003160442 45.621375179716 55.3768294587355
  87.430221867159 86.9816659095634 75.6884003160442 45.621375179716 55.3768294587355
  87.430221867159 86.9816659095634 75.6884003160442 45.621375179716 55.3768294587355
  87.430221867159 86.9816659095634 75.6884003160442 45.621375179716 55.3768294587355
  87.430221867159 86.9816659095634 75.6884003160442 45.621375179716 55.3768294587355
  87.430221867159 86.9816659095634 75.6884003160442 45.621375179716 55.3768294587355
  87.430221867159 86.9816659095634 75.6884003160442 45.621375179716 55.3768294587355
  87.430221867159 86.9816659095634 75.6884003160442 45.621375179716 55.3768294587355
  87.430221867159 86.9816659095634 75.6884003160442 45.621375179716 55.3768294587355
  87.430221867159 86.9816659095634 75.6884003160442 45.621375179716 55.3768294587355
  87.430221867159 86.9816659095634 75.6884003160442 45.621375179716 55.3768294587355
  87.430221867159 86.9816659095634 75.6884003160442 45.621375179716 55.3768294587355
  87.430221867159 86.9816659095634 75.6884003160442 45.621375179716 55.3768294587355
  87.430221867159 86.9816659095634 75.6884003160442 45.621375179716 55.3768294587355
  87.430221867159 86.9816659095634 75.6884003160442 45.621375179716 55.3768294587355
  87.430221867159 86.9816659095634 75.6884003160442 45.621375179716 55.3768294587355
  87.430221867159 86.9816659095634 75.6884003160442 45.621375179716 55.3768294587355
  87.430221867159 86.9816659095634 75.6884003160442 45.621375179716 55.3768294587355
  87.430221867159 86.9816659095634 75.6884003160442 45.621375179716 55.3768294587355
  87.430221867159 86.9816659095634 75.6884003160442 45.621375179716 55.3768294587355
  87.430221867159 86.9816659095634 75.6884003160442 45.621375179716 55.3768294587355
  87.430221867159 86.9816659095634 75.6884003160442 45.621375179716 55.3768294587355
  87.430221867159 86.9816659095634 75.6884003160442 45.621375179716 55.3768294587355
  87.430221867159 86.9816659095634 75.6884003160442 45.621375179716 55.3768294587355
  87.430221867159 86.9816659095634 75.6884003160442 45.621375179716 55.3768294587355
  87.430221867159 86.9816659095634 75.6884003160442 45.621375179716 55.3768294587355
#  Norwegian_ssh
  0.66871857492646 1.13531389962351 1.73267837484046 2.13430731505228 2.54440329970477
  0.66871857492646 1.13531389962351 1.73267837484046 2.13430731505228 2.54440329970477
  0.66871857492646 1.13531389962351 1.73267837484046 2.13430731505228 2.54440329970477
  0.66871857492646 1.13531389962351 1.73267837484046 2.13430731505228 2.54440329970477
  0.66871857492646 1.13531389962351 1.73267837484046 2.13430731505228 2.54440329970477
  0.66871857492646 1.13531389962351 1.73267837484046 2.13430731505228 2.54440329970477
  0.66871857492646 1.13531389962351 1.73267837484046 2.13430731505228 2.54440329970477
  0.66871857492646 1.13531389962351 1.73267837484046 2.13430731505228 2.54440329970477
  0.66871857492646 1.13531389962351 1.73267837484046 2.13430731505228 2.54440329970477
  0.66871857492646 1.13531389962351 1.73267837484046 2.13430731505228 2.54440329970477
  0.66871857492646 1.13531389962351 1.73267837484046 2.13430731505228 2.54440329970477
  0.66871857492646 1.13531389962351 1.73267837484046 2.13430731505228 2.54440329970477
  0.66871857492646 1.13531389962351 1.73267837484046 2.13430731505228 2.54440329970477
  0.66871857492646 1.13531389962351 1.73267837484046 2.13430731505228 2.54440329970477
  0.66871857492646 1.13531389962351 1.73267837484046 2.13430731505228 2.54440329970477
  0.66871857492646 1.13531389962351 1.73267837484046 2.13430731505228 2.54440329970477
  0.66871857492646 1.13531389962351 1.73267837484046 2.13430731505228 2.54440329970477
  0.66871857492646 1.13531389962351 1.73267837484046 2.13430731505228 2.54440329970477
  0.66871857492646 1.13531389962351 1.73267837484046 2.13430731505228 2.54440329970477
  0.66871857492646 1.13531389962351 1.73267837484046 2.13430731505228 2.54440329970477
  0.66871857492646 1.13531389962351 1.73267837484046 2.13430731505228 2.54440329970477
  0.66871857492646 1.13531389962351 1.73267837484046 2.13430731505228 2.54440329970477
  0.66871857492646 1.13531389962351 1.73267837484046 2.13430731505228 2.54440329970477
  0.66871857492646 1.13531389962351 1.73267837484046 2.13430731505228 2.54440329970477
  0.66871857492646 1.13531389962351 1.73267837484046 2.13430731505228 2.54440329970477
  0.66871857492646 1.13531389962351 1.73267837484046 2.13430731505228 2.54440329970477
  0.66871857492646 1.13531389962351 1.73267837484046 2.13430731505228 2.54440329970477
  0.66871857492646 1.13531389962351 1.73267837484046 2.13430731505228 2.54440329970477
  0.66871857492646 1.13531389962351 1.73267837484046 2.13430731505228 2.54440329970477
  0.66871857492646 1.13531389962351 1.73267837484046 2.13430731505228 2.54440329970477
  0.66871857492646 1.13531389962351 1.73267837484046 2.13430731505228 2.54440329970477
  0.66871857492646 1.13531389962351 1.73267837484046 2.13430731505228 2.54440329970477
  0.66871857492646 1.13531389962351 1.73267837484046 2.13430731505228 2.54440329970477
  0.66871857492646 1.13531389962351 1.73267837484046 2.13430731505228 2.54440329970477
  0.66871857492646 1.13531389962351 1.73267837484046 2.13430731505228 2.54440329970477
  0.66871857492646 1.13531389962351 1.73267837484046 2.13430731505228 2.54440329970477
  0.66871857492646 1.13531389962351 1.73267837484046 2.13430731505228 2.54440329970477
  0.66871857492646 1.13531389962351 1.73267837484046 2.13430731505228 2.54440329970477
  0.66871857492646 1.13531389962351 1.73267837484046 2.13430731505228 2.54440329970477
  0.66871857492646 1.13531389962351 1.73267837484046 2.13430731505228 2.54440329970477
  0.66871857492646 1.13531389962351 1.73267837484046 2.13430731505228 2.54440329970477
  0.66871857492646 1.13531389962351 1.73267837484046 2.13430731505228 2.54440329970477
  0.66871857492646 1.13531389962351 1.73267837484046 2.13430731505228 2.54440329970477
  0.66871857492646 1.13531389962351 1.73267837484046 2.13430731505228 2.54440329970477
  0.66871857492646 1.13531389962351 1.73267837484046 2.13430731505228 2.54440329970477
  0.66871857492646 1.13531389962351 1.73267837484046 2.13430731505228 2.54440329970477
  0.66871857492646 1.13531389962351 1.73267837484046 2.13430731505228 2.54440329970477
  0.66871857492646 1.13531389962351 1.73267837484046 2.13430731505228 2.54440329970477
  0.66871857492646 1.13531389962351 1.73267837484046 2.13430731505228 2.54440329970477
  0.66871857492646 1.13531389962351 1.73267837484046 2.13430731505228 2.54440329970477
  0.66871857492646 1.13531389962351 1.73267837484046 2.13430731505228 2.54440329970477
  0.66871857492646 1.13531389962351 1.73267837484046 2.13430731505228 2.54440329970477
  0.66871857492646 1.13531389962351 1.73267837484046 2.13430731505228 2.54440329970477
  0.66871857492646 1.13531389962351 1.73267837484046 2.13430731505228 2.54440329970477
  0.66871857492646 1.13531389962351 1.73267837484046 2.13430731505228 2.54440329970477
  0.66871857492646 1.13531389962351 1.73267837484046 2.13430731505228 2.54440329970477
  0.66871857492646 1.13531389962351 1.73267837484046 2.13430731505228 2.54440329970477
  0.66871857492646 1.13531389962351 1.73267837484046 2.13430731505228 2.54440329970477
  0.66871857492646 1.13531389962351 1.73267837484046 2.13430731505228 2.54440329970477
  0.66871857492646 1.13531389962351 1.73267837484046 2.13430731505228 2.54440329970477
  0.66871857492646 1.13531389962351 1.73267837484046 2.13430731505228 2.54440329970477
  0.66871857492646 1.13531389962351 1.73267837484046 2.13430731505228 2.54440329970477
  0.66871857492646 1.13531389962351 1.73267837484046 2.13430731505228 2.54440329970477
  0.66871857492646 1.13531389962351 1.73267837484046 2.13430731505228 2.54440329970477
  0.66871857492646 1.13531389962351 1.73267837484046 2.13430731505228 2.54440329970477
  0.66871857492646 1.13531389962351 1.73267837484046 2.13430731505228 2.54440329970477
  0.66871857492646 1.13531389962351 1.73267837484046 2.13430731505228 2.54440329970477
  0.66871857492646 1.13531389962351 1.73267837484046 2.13430731505228 2.54440329970477
  0.66871857492646 1.13531389962351 1.73267837484046 2.13430731505228 2.54440329970477
  0.66871857492646 1.13531389962351 1.73267837484046 2.13430731505228 2.54440329970477
  0.66871857492646 1.13531389962351 1.73267837484046 2.13430731505228 2.54440329970477
  0.66871857492646 1.13531389962351 1.73267837484046 2.13430731505228 2.54440329970477
  0.66871857492646 1.13531389962351 1.73267837484046 2.13430731505228 2.54440329970477
  0.66871857492646 1.13531389962351 1.73267837484046 2.13430731505228 2.54440329970477
  0.66871857492646 1.13531389962351 1.73267837484046 2.13430731505228 2.54440329970477
  0.66871857492646 1.13531389962351 1.73267837484046 2.13430731505228 2.54440329970477
  0.66871857492646 1.13531389962351 1.73267837484046 2.13430731505228 2.54440329970477
  0.66871857492646 1.13531389962351 1.73267837484046 2.13430731505228 2.54440329970477
  0.66871857492646 1.13531389962351 1.73267837484046 2.13430731505228 2.54440329970477
  0.66871857492646 1.13531389962351 1.73267837484046 2.13430731505228 2.54440329970477
  0.66871857492646 1.13531389962351 1.73267837484046 2.13430731505228 2.54440329970477
#  Polar_cod
  0.693409958190283 0.292728232185001 0.217453648865216 0.237840143953185 0.26547544512486
  0.693409958190283 0.292728232185001 0.217453648865216 0.237840143953185 0.26547544512486
  0.693409958190283 0.292728232185001 0.217453648865216 0.237840143953185 0.26547544512486
  0.693409958190283 0.292728232185001 0.217453648865216 0.237840143953185 0.26547544512486
  0.693409958190283 0.292728232185001 0.217453648865216 0.237840143953185 0.26547544512486
  0.693409958190283 0.292728232185001 0.217453648865216 0.237840143953185 0.26547544512486
  0.693409958190283 0.292728232185001 0.217453648865216 0.237840143953185 0.26547544512486
  0.693409958190283 0.292728232185001 0.217453648865216 0.237840143953185 0.26547544512486
  0.693409958190283 0.292728232185001 0.217453648865216 0.237840143953185 0.26547544512486
  0.693409958190283 0.292728232185001 0.217453648865216 0.237840143953185 0.26547544512486
  0.693409958190283 0.292728232185001 0.217453648865216 0.237840143953185 0.26547544512486
  0.693409958190283 0.292728232185001 0.217453648865216 0.237840143953185 0.26547544512486
  0.693409958190283 0.292728232185001 0.217453648865216 0.237840143953185 0.26547544512486
  0.693409958190283 0.292728232185001 0.217453648865216 0.237840143953185 0.26547544512486
  0.693409958190283 0.292728232185001 0.217453648865216 0.237840143953185 0.26547544512486
  0.693409958190283 0.292728232185001 0.217453648865216 0.237840143953185 0.26547544512486
  0.693409958190283 0.292728232185001 0.217453648865216 0.237840143953185 0.26547544512486
  0.693409958190283 0.292728232185001 0.217453648865216 0.237840143953185 0.26547544512486
  0.693409958190283 0.292728232185001 0.217453648865216 0.237840143953185 0.26547544512486
  0.693409958190283 0.292728232185001 0.217453648865216 0.237840143953185 0.26547544512486
  0.693409958190283 0.292728232185001 0.217453648865216 0.237840143953185 0.26547544512486
  0.693409958190283 0.292728232185001 0.217453648865216 0.237840143953185 0.26547544512486
  0.693409958190283 0.292728232185001 0.217453648865216 0.237840143953185 0.26547544512486
  0.693409958190283 0.292728232185001 0.217453648865216 0.237840143953185 0.26547544512486
  0.693409958190283 0.292728232185001 0.217453648865216 0.237840143953185 0.26547544512486
  0.693409958190283 0.292728232185001 0.217453648865216 0.237840143953185 0.26547544512486
  0.693409958190283 0.292728232185001 0.217453648865216 0.237840143953185 0.26547544512486
  0.693409958190283 0.292728232185001 0.217453648865216 0.237840143953185 0.26547544512486
  0.693409958190283 0.292728232185001 0.217453648865216 0.237840143953185 0.26547544512486
  0.693409958190283 0.292728232185001 0.217453648865216 0.237840143953185 0.26547544512486
  0.693409958190283 0.292728232185001 0.217453648865216 0.237840143953185 0.26547544512486
  0.693409958190283 0.292728232185001 0.217453648865216 0.237840143953185 0.26547544512486
  0.693409958190283 0.292728232185001 0.217453648865216 0.237840143953185 0.26547544512486
  0.693409958190283 0.292728232185001 0.217453648865216 0.237840143953185 0.26547544512486
  0.693409958190283 0.292728232185001 0.217453648865216 0.237840143953185 0.26547544512486
  0.693409958190283 0.292728232185001 0.217453648865216 0.237840143953185 0.26547544512486
  0.693409958190283 0.292728232185001 0.217453648865216 0.237840143953185 0.26547544512486
  0.693409958190283 0.292728232185001 0.217453648865216 0.237840143953185 0.26547544512486
  0.693409958190283 0.292728232185001 0.217453648865216 0.237840143953185 0.26547544512486
  0.693409958190283 0.292728232185001 0.217453648865216 0.237840143953185 0.26547544512486
  0.693409958190283 0.292728232185001 0.217453648865216 0.237840143953185 0.26547544512486
  0.693409958190283 0.292728232185001 0.217453648865216 0.237840143953185 0.26547544512486
  0.693409958190283 0.292728232185001 0.217453648865216 0.237840143953185 0.26547544512486
  0.693409958190283 0.292728232185001 0.217453648865216 0.237840143953185 0.26547544512486
  0.693409958190283 0.292728232185001 0.217453648865216 0.237840143953185 0.26547544512486
  0.693409958190283 0.292728232185001 0.217453648865216 0.237840143953185 0.26547544512486
  0.693409958190283 0.292728232185001 0.217453648865216 0.237840143953185 0.26547544512486
  0.693409958190283 0.292728232185001 0.217453648865216 0.237840143953185 0.26547544512486
  0.693409958190283 0.292728232185001 0.217453648865216 0.237840143953185 0.26547544512486
  0.693409958190283 0.292728232185001 0.217453648865216 0.237840143953185 0.26547544512486
  0.693409958190283 0.292728232185001 0.217453648865216 0.237840143953185 0.26547544512486
  0.693409958190283 0.292728232185001 0.217453648865216 0.237840143953185 0.26547544512486
  0.693409958190283 0.292728232185001 0.217453648865216 0.237840143953185 0.26547544512486
  0.693409958190283 0.292728232185001 0.217453648865216 0.237840143953185 0.26547544512486
  0.693409958190283 0.292728232185001 0.217453648865216 0.237840143953185 0.26547544512486
  0.693409958190283 0.292728232185001 0.217453648865216 0.237840143953185 0.26547544512486
  0.693409958190283 0.292728232185001 0.217453648865216 0.237840143953185 0.26547544512486
  0.693409958190283 0.292728232185001 0.217453648865216 0.237840143953185 0.26547544512486
  0.693409958190283 0.292728232185001 0.217453648865216 0.237840143953185 0.26547544512486
  0.693409958190283 0.292728232185001 0.217453648865216 0.237840143953185 0.26547544512486
  0.693409958190283 0.292728232185001 0.217453648865216 0.237840143953185 0.26547544512486
  0.693409958190283 0.292728232185001 0.217453648865216 0.237840143953185 0.26547544512486
  0.693409958190283 0.292728232185001 0.217453648865216 0.237840143953185 0.26547544512486
  0.693409958190283 0.292728232185001 0.217453648865216 0.237840143953185 0.26547544512486
  0.693409958190283 0.292728232185001 0.217453648865216 0.237840143953185 0.26547544512486
  0.693409958190283 0.292728232185001 0.217453648865216 0.237840143953185 0.26547544512486
  0.693409958190283 0.292728232185001 0.217453648865216 0.237840143953185 0.26547544512486
  0.693409958190283 0.292728232185001 0.217453648865216 0.237840143953185 0.26547544512486
  0.693409958190283 0.292728232185001 0.217453648865216 0.237840143953185 0.26547544512486
  0.693409958190283 0.292728232185001 0.217453648865216 0.237840143953185 0.26547544512486
  0.693409958190283 0.292728232185001 0.217453648865216 0.237840143953185 0.26547544512486
  0.693409958190283 0.292728232185001 0.217453648865216 0.237840143953185 0.26547544512486
  0.693409958190283 0.292728232185001 0.217453648865216 0.237840143953185 0.26547544512486
  0.693409958190283 0.292728232185001 0.217453648865216 0.237840143953185 0.26547544512486
  0.693409958190283 0.292728232185001 0.217453648865216 0.237840143953185 0.26547544512486
  0.693409958190283 0.292728232185001 0.217453648865216 0.237840143953185 0.26547544512486
  0.693409958190283 0.292728232185001 0.217453648865216 0.237840143953185 0.26547544512486
  0.693409958190283 0.292728232185001 0.217453648865216 0.237840143953185 0.26547544512486
  0.693409958190283 0.292728232185001 0.217453648865216 0.237840143953185 0.26547544512486
  0.693409958190283 0.292728232185001 0.217453648865216 0.237840143953185 0.26547544512486
  0.693409958190283 0.292728232185001 0.217453648865216 0.237840143953185 0.26547544512486
#  Redfish
  2.12620224881922 2.12117989949068 1.83783389312862 0.950892475957568 0.984646858565842
  2.12620224881922 2.12117989949068 1.83783389312862 0.950892475957568 0.984646858565842
  2.12620224881922 2.12117989949068 1.83783389312862 0.950892475957568 0.984646858565842
  2.12620224881922 2.12117989949068 1.83783389312862 0.950892475957568 0.984646858565842
  2.12620224881922 2.12117989949068 1.83783389312862 0.950892475957568 0.984646858565842
  2.12620224881922 2.12117989949068 1.83783389312862 0.950892475957568 0.984646858565842
  2.12620224881922 2.12117989949068 1.83783389312862 0.950892475957568 0.984646858565842
  2.12620224881922 2.12117989949068 1.83783389312862 0.950892475957568 0.984646858565842
  2.12620224881922 2.12117989949068 1.83783389312862 0.950892475957568 0.984646858565842
  2.12620224881922 2.12117989949068 1.83783389312862 0.950892475957568 0.984646858565842
  2.12620224881922 2.12117989949068 1.83783389312862 0.950892475957568 0.984646858565842
  2.12620224881922 2.12117989949068 1.83783389312862 0.950892475957568 0.984646858565842
  2.12620224881922 2.12117989949068 1.83783389312862 0.950892475957568 0.984646858565842
  2.12620224881922 2.12117989949068 1.83783389312862 0.950892475957568 0.984646858565842
  2.12620224881922 2.12117989949068 1.83783389312862 0.950892475957568 0.984646858565842
  2.12620224881922 2.12117989949068 1.83783389312862 0.950892475957568 0.984646858565842
  2.12620224881922 2.12117989949068 1.83783389312862 0.950892475957568 0.984646858565842
  2.12620224881922 2.12117989949068 1.83783389312862 0.950892475957568 0.984646858565842
  2.12620224881922 2.12117989949068 1.83783389312862 0.950892475957568 0.984646858565842
  2.12620224881922 2.12117989949068 1.83783389312862 0.950892475957568 0.984646858565842
  2.12620224881922 2.12117989949068 1.83783389312862 0.950892475957568 0.984646858565842
  2.12620224881922 2.12117989949068 1.83783389312862 0.950892475957568 0.984646858565842
  2.12620224881922 2.12117989949068 1.83783389312862 0.950892475957568 0.984646858565842
  2.12620224881922 2.12117989949068 1.83783389312862 0.950892475957568 0.984646858565842
  2.12620224881922 2.12117989949068 1.83783389312862 0.950892475957568 0.984646858565842
  2.12620224881922 2.12117989949068 1.83783389312862 0.950892475957568 0.984646858565842
  2.12620224881922 2.12117989949068 1.83783389312862 0.950892475957568 0.984646858565842
  2.12620224881922 2.12117989949068 1.83783389312862 0.950892475957568 0.984646858565842
  2.12620224881922 2.12117989949068 1.83783389312862 0.950892475957568 0.984646858565842
  2.12620224881922 2.12117989949068 1.83783389312862 0.950892475957568 0.984646858565842
  2.12620224881922 2.12117989949068 1.83783389312862 0.950892475957568 0.984646858565842
  2.12620224881922 2.12117989949068 1.83783389312862 0.950892475957568 0.984646858565842
  2.12620224881922 2.12117989949068 1.83783389312862 0.950892475957568 0.984646858565842
  2.12620224881922 2.12117989949068 1.83783389312862 0.950892475957568 0.984646858565842
  2.12620224881922 2.12117989949068 1.83783389312862 0.950892475957568 0.984646858565842
  2.12620224881922 2.12117989949068 1.83783389312862 0.950892475957568 0.984646858565842
  2.12620224881922 2.12117989949068 1.83783389312862 0.950892475957568 0.984646858565842
  2.12620224881922 2.12117989949068 1.83783389312862 0.950892475957568 0.984646858565842
  2.12620224881922 2.12117989949068 1.83783389312862 0.950892475957568 0.984646858565842
  2.12620224881922 2.12117989949068 1.83783389312862 0.950892475957568 0.984646858565842
  2.12620224881922 2.12117989949068 1.83783389312862 0.950892475957568 0.984646858565842
  2.12620224881922 2.12117989949068 1.83783389312862 0.950892475957568 0.984646858565842
  2.12620224881922 2.12117989949068 1.83783389312862 0.950892475957568 0.984646858565842
  2.12620224881922 2.12117989949068 1.83783389312862 0.950892475957568 0.984646858565842
  2.12620224881922 2.12117989949068 1.83783389312862 0.950892475957568 0.984646858565842
  2.12620224881922 2.12117989949068 1.83783389312862 0.950892475957568 0.984646858565842
  2.12620224881922 2.12117989949068 1.83783389312862 0.950892475957568 0.984646858565842
  2.12620224881922 2.12117989949068 1.83783389312862 0.950892475957568 0.984646858565842
  2.12620224881922 2.12117989949068 1.83783389312862 0.950892475957568 0.984646858565842
  2.12620224881922 2.12117989949068 1.83783389312862 0.950892475957568 0.984646858565842
  2.12620224881922 2.12117989949068 1.83783389312862 0.950892475957568 0.984646858565842
  2.12620224881922 2.12117989949068 1.83783389312862 0.950892475957568 0.984646858565842
  2.12620224881922 2.12117989949068 1.83783389312862 0.950892475957568 0.984646858565842
  2.12620224881922 2.12117989949068 1.83783389312862 0.950892475957568 0.984646858565842
  2.12620224881922 2.12117989949068 1.83783389312862 0.950892475957568 0.984646858565842
  2.12620224881922 2.12117989949068 1.83783389312862 0.950892475957568 0.984646858565842
  2.12620224881922 2.12117989949068 1.83783389312862 0.950892475957568 0.984646858565842
  2.12620224881922 2.12117989949068 1.83783389312862 0.950892475957568 0.984646858565842
  2.12620224881922 2.12117989949068 1.83783389312862 0.950892475957568 0.984646858565842
  2.12620224881922 2.12117989949068 1.83783389312862 0.950892475957568 0.984646858565842
  2.12620224881922 2.12117989949068 1.83783389312862 0.950892475957568 0.984646858565842
  2.12620224881922 2.12117989949068 1.83783389312862 0.950892475957568 0.984646858565842
  2.12620224881922 2.12117989949068 1.83783389312862 0.950892475957568 0.984646858565842
  2.12620224881922 2.12117989949068 1.83783389312862 0.950892475957568 0.984646858565842
  2.12620224881922 2.12117989949068 1.83783389312862 0.950892475957568 0.984646858565842
  2.12620224881922 2.12117989949068 1.83783389312862 0.950892475957568 0.984646858565842
  2.12620224881922 2.12117989949068 1.83783389312862 0.950892475957568 0.984646858565842
  2.12620224881922 2.12117989949068 1.83783389312862 0.950892475957568 0.984646858565842
  2.12620224881922 2.12117989949068 1.83783389312862 0.950892475957568 0.984646858565842
  2.12620224881922 2.12117989949068 1.83783389312862 0.950892475957568 0.984646858565842
  2.12620224881922 2.12117989949068 1.83783389312862 0.950892475957568 0.984646858565842
  2.12620224881922 2.12117989949068 1.83783389312862 0.950892475957568 0.984646858565842
  2.12620224881922 2.12117989949068 1.83783389312862 0.950892475957568 0.984646858565842
  2.12620224881922 2.12117989949068 1.83783389312862 0.950892475957568 0.984646858565842
  2.12620224881922 2.12117989949068 1.83783389312862 0.950892475957568 0.984646858565842
  2.12620224881922 2.12117989949068 1.83783389312862 0.950892475957568 0.984646858565842
  2.12620224881922 2.12117989949068 1.83783389312862 0.950892475957568 0.984646858565842
  2.12620224881922 2.12117989949068 1.83783389312862 0.950892475957568 0.984646858565842
  2.12620224881922 2.12117989949068 1.83783389312862 0.950892475957568 0.984646858565842
  2.12620224881922 2.12117989949068 1.83783389312862 0.950892475957568 0.984646858565842
  2.12620224881922 2.12117989949068 1.83783389312862 0.950892475957568 0.984646858565842
#  Saithe
  9.25766511798603 120.967206139885 340.716946682312 476.009444403127 552.167758730451
  9.25766511798603 120.967206139885 340.716946682312 476.009444403127 552.167758730451
  9.25766511798603 120.967206139885 340.716946682312 476.009444403127 552.167758730451
  9.25766511798603 120.967206139885 340.716946682312 476.009444403127 552.167758730451
  9.25766511798603 120.967206139885 340.716946682312 476.009444403127 552.167758730451
  9.25766511798603 120.967206139885 340.716946682312 476.009444403127 552.167758730451
  9.25766511798603 120.967206139885 340.716946682312 476.009444403127 552.167758730451
  9.25766511798603 120.967206139885 340.716946682312 476.009444403127 552.167758730451
  9.25766511798603 120.967206139885 340.716946682312 476.009444403127 552.167758730451
  9.25766511798603 120.967206139885 340.716946682312 476.009444403127 552.167758730451
  9.25766511798603 120.967206139885 340.716946682312 476.009444403127 552.167758730451
  9.25766511798603 120.967206139885 340.716946682312 476.009444403127 552.167758730451
  9.25766511798603 120.967206139885 340.716946682312 476.009444403127 552.167758730451
  9.25766511798603 120.967206139885 340.716946682312 476.009444403127 552.167758730451
  9.25766511798603 120.967206139885 340.716946682312 476.009444403127 552.167758730451
  9.25766511798603 120.967206139885 340.716946682312 476.009444403127 552.167758730451
  9.25766511798603 120.967206139885 340.716946682312 476.009444403127 552.167758730451
  9.25766511798603 120.967206139885 340.716946682312 476.009444403127 552.167758730451
  9.25766511798603 120.967206139885 340.716946682312 476.009444403127 552.167758730451
  9.25766511798603 120.967206139885 340.716946682312 476.009444403127 552.167758730451
  9.25766511798603 120.967206139885 340.716946682312 476.009444403127 552.167758730451
  9.25766511798603 120.967206139885 340.716946682312 476.009444403127 552.167758730451
  9.25766511798603 120.967206139885 340.716946682312 476.009444403127 552.167758730451
  9.25766511798603 120.967206139885 340.716946682312 476.009444403127 552.167758730451
  9.25766511798603 120.967206139885 340.716946682312 476.009444403127 552.167758730451
  9.25766511798603 120.967206139885 340.716946682312 476.009444403127 552.167758730451
  9.25766511798603 120.967206139885 340.716946682312 476.009444403127 552.167758730451
  9.25766511798603 120.967206139885 340.716946682312 476.009444403127 552.167758730451
  9.25766511798603 120.967206139885 340.716946682312 476.009444403127 552.167758730451
  9.25766511798603 120.967206139885 340.716946682312 476.009444403127 552.167758730451
  9.25766511798603 120.967206139885 340.716946682312 476.009444403127 552.167758730451
  9.25766511798603 120.967206139885 340.716946682312 476.009444403127 552.167758730451
  9.25766511798603 120.967206139885 340.716946682312 476.009444403127 552.167758730451
  9.25766511798603 120.967206139885 340.716946682312 476.009444403127 552.167758730451
  9.25766511798603 120.967206139885 340.716946682312 476.009444403127 552.167758730451
  9.25766511798603 120.967206139885 340.716946682312 476.009444403127 552.167758730451
  9.25766511798603 120.967206139885 340.716946682312 476.009444403127 552.167758730451
  9.25766511798603 120.967206139885 340.716946682312 476.009444403127 552.167758730451
  9.25766511798603 120.967206139885 340.716946682312 476.009444403127 552.167758730451
  9.25766511798603 120.967206139885 340.716946682312 476.009444403127 552.167758730451
  9.25766511798603 120.967206139885 340.716946682312 476.009444403127 552.167758730451
  9.25766511798603 120.967206139885 340.716946682312 476.009444403127 552.167758730451
  9.25766511798603 120.967206139885 340.716946682312 476.009444403127 552.167758730451
  9.25766511798603 120.967206139885 340.716946682312 476.009444403127 552.167758730451
  9.25766511798603 120.967206139885 340.716946682312 476.009444403127 552.167758730451
  9.25766511798603 120.967206139885 340.716946682312 476.009444403127 552.167758730451
  9.25766511798603 120.967206139885 340.716946682312 476.009444403127 552.167758730451
  9.25766511798603 120.967206139885 340.716946682312 476.009444403127 552.167758730451
  9.25766511798603 120.967206139885 340.716946682312 476.009444403127 552.167758730451
  9.25766511798603 120.967206139885 340.716946682312 476.009444403127 552.167758730451
  9.25766511798603 120.967206139885 340.716946682312 476.009444403127 552.167758730451
  9.25766511798603 120.967206139885 340.716946682312 476.009444403127 552.167758730451
  9.25766511798603 120.967206139885 340.716946682312 476.009444403127 552.167758730451
  9.25766511798603 120.967206139885 340.716946682312 476.009444403127 552.167758730451
  9.25766511798603 120.967206139885 340.716946682312 476.009444403127 552.167758730451
  9.25766511798603 120.967206139885 340.716946682312 476.009444403127 552.167758730451
  9.25766511798603 120.967206139885 340.716946682312 476.009444403127 552.167758730451
  9.25766511798603 120.967206139885 340.716946682312 476.009444403127 552.167758730451
  9.25766511798603 120.967206139885 340.716946682312 476.009444403127 552.167758730451
  9.25766511798603 120.967206139885 340.716946682312 476.009444403127 552.167758730451
  9.25766511798603 120.967206139885 340.716946682312 476.009444403127 552.167758730451
  9.25766511798603 120.967206139885 340.716946682312 476.009444403127 552.167758730451
  9.25766511798603 120.967206139885 340.716946682312 476.009444403127 552.167758730451
  9.25766511798603 120.967206139885 340.716946682312 476.009444403127 552.167758730451
  9.25766511798603 120.967206139885 340.716946682312 476.009444403127 552.167758730451
  9.25766511798603 120.967206139885 340.716946682312 476.009444403127 552.167758730451
  9.25766511798603 120.967206139885 340.716946682312 476.009444403127 552.167758730451
  9.25766511798603 120.967206139885 340.716946682312 476.009444403127 552.167758730451
  9.25766511798603 120.967206139885 340.716946682312 476.009444403127 552.167758730451
  9.25766511798603 120.967206139885 340.716946682312 476.009444403127 552.167758730451
  9.25766511798603 120.967206139885 340.716946682312 476.009444403127 552.167758730451
  9.25766511798603 120.967206139885 340.716946682312 476.009444403127 552.167758730451
  9.25766511798603 120.967206139885 340.716946682312 476.009444403127 552.167758730451
  9.25766511798603 120.967206139885 340.716946682312 476.009444403127 552.167758730451
  9.25766511798603 120.967206139885 340.716946682312 476.009444403127 552.167758730451
  9.25766511798603 120.967206139885 340.716946682312 476.009444403127 552.167758730451
  9.25766511798603 120.967206139885 340.716946682312 476.009444403127 552.167758730451
  9.25766511798603 120.967206139885 340.716946682312 476.009444403127 552.167758730451
  9.25766511798603 120.967206139885 340.716946682312 476.009444403127 552.167758730451
  9.25766511798603 120.967206139885 340.716946682312 476.009444403127 552.167758730451
  9.25766511798603 120.967206139885 340.716946682312 476.009444403127 552.167758730451
#   init_matrix obs_temp(1,Nareas,1,Nyrs)      
#  Either observed temperature  or manufactured temperature for simulation runs
#1977 to 1997 Georges Bank bottom temp from 2011 ESR (1964-1976 set to 8.0) and 1998 to 2010 Georges Bank bottom temp from 2011 ESR
  1.44162541266273 1.44162541266273 1.44162541266273 1.44162541266273 1.44162541266273 1.44162541266273 1.44162541266273 1.44162541266273 1.44162541266273 1.44162541266273 1.44162541266273 1.44162541266273 1.44162541266273 1.44162541266273 1.44162541266273 1.44162541266273 1.44162541266273 1.44162541266273 1.44162541266273 1.44162541266273 1.44162541266273 1.44162541266273 1.44162541266273 1.44162541266273 1.44162541266273 1.44162541266273 1.44162541266273 1.44162541266273 1.44162541266273 1.44162541266273 1.44162541266273 1.44162541266273 1.44162541266273 1.44162541266273 1.44162541266273 1.44162541266273 1.44162541266273 1.44162541266273 1.44162541266273 1.44162541266273 1.44162541266273 1.44162541266273 1.44162541266273 1.44162541266273 1.44162541266273 1.44162541266273 1.44162541266273 1.44162541266273 1.44162541266273 1.44162541266273 1.44162541266273 1.44162541266273 1.44162541266273 1.44162541266273 1.44162541266273 1.44162541266273 1.44162541266273 1.44162541266273 1.44162541266273 1.44162541266273 1.44162541266273 1.44162541266273 1.44162541266273 1.44162541266273 1.44162541266273 1.44162541266273 1.44162541266273 1.44162541266273 1.44162541266273 1.44162541266273 1.44162541266273 1.44162541266273 1.44162541266273 1.44162541266273 1.44162541266273 1.44162541266273 1.44162541266273 1.44162541266273 1.44162541266273 1.44162541266273 1.44162541266273
#  init_int yr1Nphase            //year 1 N at size estimation phase
  1
#  init_int recphase				//recruitment parameter estimation phas
  -1
#  init_int avg_rec_phase		//average recruitment estimation phase (could make species specific, currently global)
  1
#  init_int recsigmaphase			//st dev of recruitment devs phase
  -1
#  init_int avg_F_phase			//average fishing mort estimation phase (could make species specific, currently global)
  1
#  init_int dev_rec_phase		//recruitment deviation estimation phase (could make species specific, currently global)
  2
#  init_int dev_F_phase			//fishing mort deviation estimation phase (could make species specific, currently global)
  1
#  init_int fqphase              //fishery q estimation phase
  1
# init_int fsphase               //fishery selectivity estimation phase
  1
#  init_int sqphase              //survey q estimation phase 
  1
# init_int ssphase               //survey selectivity estimation phase
  1
#   init_int ssig_phase           //survey sigma (obs error) phase
  -1
#  init_int csig_phase           //catch sigma (obs error) phase
  -1
#  init_int m1_phase            // M1 phase
  -1
#  init_int oF1_phase           // amount of other food included in the M2 term for the base (predator 1) phase
  -1
#   init_int oFdev_phase          //deviation from base other food for predators 2+ phase
  -1
#   init_int vuln_phase // phase for vulnerability parameters
  -1
#  init_matrix recGamma_alpha(1,Nareas,1,Nspecies)			//eggprod gamma Ricker model alpha
  1 1 1 1 1 1 1 1 1 1 1
#  init_matrix recGamma_shape(1,Nareas,1,Nspecies)			//eggprod gamma Ricker model shape parameter
  1 1 1 1 1 1 1 1 1 1 1
#  init_matrix recGamma_beta(1,Nareas,1,Nspecies)			//eggprod gamma Ricker model beta
  1 1 1 1 1 1 1 1 1 1 1
#  init_matrix recDS_alpha(1,Nareas,1,Nspecies)		//SSB Deriso-Schnute model alpha
  1 1 1 1 1 1 1 1 1 1 1
#  init_matrix recDS_shape(1,Nareas,1,Nspecies)		//SSB Deriso-Schnute model shape parameter
  1 1 1 1 1 1 1 1 1 1 1
#  init_matrix recDS_beta(1,Nareas,1,Nspecies)			//SSB Deriso-Schnute model beta
  1 1 1 1 1 1 1 1 1 1 1
#  init_matrix recGamSSB_alpha(1,Nareas,1,Nspecies)		//SSB gamma alpha
  1 1 1 1 1 1 1 1 1 1 1
#  init_matrix recGamSSB_shape(1,Nareas,1,Nspecies)		//SSB gamma shape parameter
  1 1 1 1 1 1 1 1 1 1 1
#  init_matrix recGamSSB_beta(1,Nareas,1,Nspecies)			//SSB gamma model beta
  1 1 1 1 1 1 1 1 1 1 1
#  init_matrix recRicker_alpha(1,Nareas,1,Nspecies)		//SSB Ricker model alpha
  1 1 1 1 1 1 1 1 1 1 1
#  init_matrix recRicker_shape(1,Nareas,1,Nspecies)		//SSB Ricker model shape parameter=1.0, not used
  1 1 1 1 1 1 1 1 1 1 1
#  init_matrix recRicker_beta(1,Nareas,1,Nspecies)			//SSB Ricker model beta
  1 1 1 1 1 1 1 1 1 1 1
#  init_matrix recBH_alpha(1,Nareas,1,Nspecies)		//SSB Beverton Holt model alpha
  1 1 1 1 1 1 1 1 1 1 1
#  init_matrix recBH_shape(1,Nareas,1,Nspecies)		//SSB Beverton Holt model shape parameter=1.0, not used
  1 1 1 1 1 1 1 1 1 1 1
#  init_matrix recBH_beta(1,Nareas,1,Nspecies)			//SSB Beverton Holt model beta
  1 1 1 1 1 1 1 1 1 1 1
#  init_matrix recShepherd_alpha //SSB S-R Shepherd 3 param
  1 1 1 1 1 1 1 1 1 1 1
#  init_matrix recShepherd_shape //SSB S-R Shepherd 3 param
  1 1 1 1 1 1 1 1 1 1 1
#  init_matrix recShepherd_beta //SSB S-R Shepherd 3 param
  1 1 1 1 1 1 1 1 1 1 1
#  init_matrix recSHockey_alpha //SSB S-R Hockey 2 param
  1 1 1 1 1 1 1 1 1 1 1
#  init_matrix recHpockey_shape //SSB S-R Hockey. S* breakpoint
  1 1 1 1 1 1 1 1 1 1 1
#  init_matrix recHockey_beta //SSB S-R Hockey 2 param. This is not used
  1 1 1 1 1 1 1 1 1 1 1
#  init_matrix recSegmented_alpha //SSB S-R Segmented 3 param
  1 1 1 1 1 1 1 1 1 1 1
#  init_matrix recSegmented_shape //SSB S-R Segmented 3 param. Breakpoint
  1 1 1 1 1 1 1 1 1 1 1
#  init_matrix recSegmented_beta //SSB S-R Segmented 3 param
  1 1 1 1 1 1 1 1 1 1 1
#  init_ivector rectype(1,Nspecies)  //switch for alternate recruitment functions 1=gamma/Ricker, 2=Deriso-Schnute, 9=avg+devs
# 3=SSB gamma, 4=SSB Ricker, 5=SSB Beverton Holt added April 2014,6=Shepherd (added Beet Mar 2017)
  9 9 9 9 9 9 9 9 9 9 9
#   init_ivector stochrec(1,Nspecies)  //switch for stochastic recruitment. 1 = add error, 0= no error
  0 0 0 0 0 0 0 0 0 0 0
#  init_matrix sexratio(1,Nareas,1,Nspecies)  // this is proportion females
  0.5 0.5 0.5 0.5 0.5 0.5 0.5 0.5 0.5 0.5 0.5
 #  init_matrix recruitment_covwt(1,Nspecies,1,Nrecruitment_cov)	//recruitment covariate weighting factor
  0
  0
  0
  0
  0
  0
  0
  0
  0
  0
  0
#//fecundity parameters from .dat file and calculate fecundity at length
#  init_matrix fecund_d(1,Nareas,1,Nspecies)
  1 1 1 1 1 1 1 1 1 1 1
#  init_matrix fecund_h(1,Nareas,1,Nspecies)
  1 1 1 1 1 1 1 1 1 1 1
#  init_3darray fecund_theta(1,Nareas,1,Nspecies,1,Nsizebins))
  0 0 0 0 0
  0 0 0 0 0
  0 0 0 0 0
  0 0 0 0 0
  0 0 0 0 0
  0 0 0 0 0
  0 0 0 0 0
  0 0 0 0 0
  0 0 0 0 0
  0 0 0 0 0
  0 0 0 0 0
#  init_matrix maturity_nu(1,Nareas,1,Nspecies)
  1 1 1 1 1 1 1 1 1 1 1
#  init_matrix maturity_omega(1,Nareas,1,Nspecies)
  1 1 1 1 1 1 1 1 1 1 1
#  init_matrix maturity_covwt(1,Nspecies,1,Nmaturity_cov) //maturity covariate weighting factor
  0
  0
  0
  0
  0
  0
  0
  0
  0
  0
  0
#//growth parameters from .dat file and calculate simple (no cov) prob of growing through length interval
#  init_matrix growth_psi(1,Nareas,1,Nspecies)
  23.9184406201825 12.063644878836 76.8840827370088 33.7416039551654 8.58795533330614 19.3754464306102 29.0989048678531 14.1009297755697 18.7507016895654 10.3408562585701 30.0424231958462
#  init_matrix growth_kappa(1,Nareas,1,Nspecies)
  0.138159125283827 0.336553335594056 0.26105391276969 0.329292003312627 0.543956919159763 0.353844412227963 0.655560366523494 0.353499227173444 0.109589724508586 0.366534849977077 0.477861087063331
#  init_matrix growth_covwt(1,Nspecies,1,Ngrowth_cov)// growth covariate weighting factor
  0
  0
  0
  0
  0
  0
  0
  0
  0
  0
  0
#  init_matrix vonB_Linf(1,Nareas,1,Nspecies)    //alternate parameterization, vonB growth
  31.2715714856672 17.3691443919147 206.947700963271 77.3493033958426 79.4447950043186 -999 97.3475911554897 31.9656891467526 24.7886208711542 27.0639811170423 407.183181140491
#  init_matrix vonB_k(1,Nareas,1,Nspecies)       //alternate parameterization, vonB growth
  0.138159125283827 0.336553335594056 0.26105391276969 0.329292003312627 0.543956919159763 0.353844412227963 0.655560366523494 0.353499227173444 0.109589724508586 0.366534849977077 0.477861087063331
#  init_vector growthtype                           //switch for alternate growth types,
#1 power, 2 power/covariates, 3 vonB, 4 vonB covariates
  3 3 3 3 3 1 3 3 3 3 3
#  init_number phimax
  1
#  init_matrix intake_alpha(1,Nareas,1,Nspecies)
  0.004 0.004 0.004 0.004 0.004 0.004 0.004 0.004 0.004 0.004 0.004
#  init_matrix intake_beta(1,Nareas,1,Nspecies)
  0.11 0.11 0.11 0.11 0.11 0.11 0.11 0.11 0.11 0.11 0.11
#  init_3darray isprey(1,Nareas,1,Nspecies,1,Nspecies)     //preds in columns, prey in rows
  0 0 1 0 0 0 1 0 0 1 0
  1 0 0 1 1 0 1 1 0 0 1
  0 0 0 0 0 0 1 0 0 0 0
  0 0 0 1 1 0 1 0 0 1 1
  0 0 0 1 0 0 1 0 0 0 0
  0 0 1 0 0 0 0 0 0 0 0
  0 0 1 1 1 0 1 0 0 0 1
  1 0 1 1 1 0 1 0 0 0 1
  0 0 0 0 1 0 1 0 0 0 0
  1 0 1 0 0 0 1 0 0 0 0
  0 0 0 0 0 0 0 0 0 0 0
#  init_matrix preferred_wtratio(1,Nareas,1,Nspecies)     //pred sizebins
  0.5 0.5 0.5 0.5 0.5 0.5 0.5 0.5 0.5 0.5 0.5
#  init_vector sd_sizepref(1,Nspecies)              //pred sizebins
  2 2 2 2 2 2 2 2 2 2 2
# Following content added after ICES publication by Gaichas et al. 2014
# Made by Andy Beet from Dec 2016 onward
# Equilibrium Biomass. B0(1,Nspecies). Tthese values are obtained by running hydra_sim without any error and zero fishing effort
  6548275.38228385 1049867.74723836 419044.998499798 938292.061561652 1344637.45248329 6866971.82712644 5903465.62946161 1921273.2304157 338366.873055745 2168688.38395095 18377890.4695002
#number of Guilds numGuilds.
  11
#Guild Membership guildMembership. 
  1 2 3 4 5 6 7 8 9 10 11
#Fleet Membership fleetMembers(1,Nguilds) 
  1 1 1 1 0 1 2 1 0 1 1
# AssessmentPeriod. Time period (yrs) to assess guild biomass level
  3
# init_int flagLinearRamp. // 0 = step function, 1 = linear function
  1
#init_vector minExploitation(1,Nfleets) minimum Exploitation rates imposed by each fleet
  1e-05 1e-05
#init_vector maxExploitation(1,Nfleets) maximum Exploitation rates imposed by each fleet
  0.999 0.999
# init_vector minMaxExploitation(1,2) - [MinExploitation, MaxExploitation
  0.05 0.05
# init_vector minMaxThreshold(1,2) - [MinThreshold, MaxThreshold
  0.1 0.4
# Nthresholds. number of thresholds used for change in exploitation/fishing - Step function
  5
# threshold_percent(1,Nthresholds) threshold %ages (of biomass) when action is taken - Step function
# note that must appear in ascending order
  0.1 0.2 0.3 0.4 1e+06
# exploitation_levels(1,Nthresholds). these must pair with the threshold_percent values - Step function
  0.05 0.05 0.05 0.05 0.05
# threshold_species(1,Nspecies). Species level detection threshold
  0 0 0 0 0 0 0 0 0 0 0
# int AssessmentOn. Assessment On or Off
  0
# int speciesDetection. include species (in addition to guild) in assessment on or off
  0
# int LFI_size. (cm). Threshold to determin a large fish. used in LFI metric
  60
# init_number scaleInitialN.  used to scale initial yr1N abundances found in .pin file
  1
#init_matrix effortScaled(1,Nareas,1,Nspecies)
  1 1 1 1 1 1 1 1 1 1 1
# init_4darray discard_Coef(1,Nareas,1,Nspecies,1,Nfleets,1,Nsizebins)
# proportion of each species that is discarded for each fleet(Bottom, Pelagic, Fixed)
# Blue_whiting fleet x sizeclass
  0 0 0 0 0
  0 0 0 0 0
# Capelin fleet x sizeclass
  0 0 0 0 0
  0 0 0 0 0
# Green_halibut fleet x sizeclass
  0 0 0 0 0
  0 0 0 0 0
# Haddock fleet x sizeclass
  0 0 0 0 0
  0 0 0 0 0
# Long_rough_dab fleet x sizeclass
  0 0 0 0 0
  0 0 0 0 0
# Mackerel fleet x sizeclass
  0 0 0 0 0
  0 0 0 0 0
# North_atl_cod fleet x sizeclass
  0 0 0 0 0
  0 0 0 0 0
# Norwegian_ssh fleet x sizeclass
  0 0 0 0 0
  0 0 0 0 0
# Polar_cod fleet x sizeclass
  0 0 0 0 0
  0 0 0 0 0
# Redfish fleet x sizeclass
  0 0 0 0 0
  0 0 0 0 0
# Saithe fleet x sizeclass
  0 0 0 0 0
  0 0 0 0 0
# init_4darray discardSurvival_Coef(1,Nareas,1,1,Nspecies,1,Nfleets,1,Nsizebins)
# proportion of discards that survive being thrown back
# Blue_whiting fleet x sizeclass
  1 1 1 1 1
  1 1 1 1 1
# Capelin fleet x sizeclass
  1 1 1 1 1
  1 1 1 1 1
# Green_halibut fleet x sizeclass
  1 1 1 1 1
  1 1 1 1 1
# Haddock fleet x sizeclass
  1 1 1 1 1
  1 1 1 1 1
# Long_rough_dab fleet x sizeclass
  1 1 1 1 1
  1 1 1 1 1
# Mackerel fleet x sizeclass
  1 1 1 1 1
  1 1 1 1 1
# North_atl_cod fleet x sizeclass
  1 1 1 1 1
  1 1 1 1 1
# Norwegian_ssh fleet x sizeclass
  1 1 1 1 1
  1 1 1 1 1
# Polar_cod fleet x sizeclass
  1 1 1 1 1
  1 1 1 1 1
# Redfish fleet x sizeclass
  1 1 1 1 1
  1 1 1 1 1
# Saithe fleet x sizeclass
  1 1 1 1 1
  1 1 1 1 1
# predOrPrey(1,Nspecies). binary vector indicating predators. inverse = prey
  1 0 1 1 1 0 1 1 0 1 1
# bandwidth_metric. (in yrs) for variance estimate of catch - moving window
  5
# init_number baseline_threshold // value of threshold that we stop landing catch. Typically 0.2
  0.2
# init_3darray indicator_fishery_q(1,Nareas,1,Nfleets,1,Nspecies)
# which species represent targeted catch. These are used to estmate exploitation rate in assessment
  1 1 1 1 0 1 0 1 0 1 1
  0 0 0 0 0 0 1 0 0 0 0
# AR_parameters(1,3) Survey, recruitment, Catch 
  0 0 0
# init_int flagMSE determins level of output (0 or 1)
  0
#  init_matrix catchProportion(1,Nareas,1,Nspecies). Proportion of the year in which resides in the management area
  1 1 1 1 1 1 1 1 1 1 1
# init_matrix areaMortality(1,Nareas,1,Nspecies). Total mortality outside of areae management area
  0 0 0 0 0 0 0 0 0 0 0
# eof
54321
