# Number of parameters = 722 Objective function value = 41899092.3446878  Maximum gradient component = 1.73203122702531
# ln_yr1N:
 -30.6335560523664 102.311021235402 6.52688241394934 -46.1785415382968 55.1233075723419
 -31.8836620433883 -38.3679614132459 -5.73422491929542 -8.39706550752650 -42.1694715029075
 -1.10267826489302 -236.277947906699 -111.174747763968 -44.6169740088027 -46.7530984870019
 -66.2566412439657 -4.59691366051527 -34.8706848102059 -9.46669526758057 -115.524774785362
 -28.0477782772252 -1.18212188082250 5.43408230449153 -22.6977879402709 -65.4589460987316
 -71.5491005542257 157.193215551244 -33.3079837340997 -177.516668282524 -283.678771551580
 -106.533208798246 -2.91196737928749 -17.4308136030817 -78.0501086709259 -41.3531053628437
 -1.95111584251774 2.00635471132450 7.80335921354887 -22.1479954842398 -74.0770787917971
 -16.5120295742693 -849.833698035059 51.5982536960226 -62.0550402312739 -148.410026802694
 -6.90741116179035 12.7746336445546 36.6709131590614 -219.944468744895 -183.754223267535
# recruitment_alpha:
 0.00000000000000 0.00000000000000 0.00000000000000 0.00000000000000 0.00000000000000 0.00000000000000 0.00000000000000 0.00000000000000 0.00000000000000 0.00000000000000
# recruitment_shape:
 0.00000000000000 0.00000000000000 0.00000000000000 0.00000000000000 0.00000000000000 0.00000000000000 0.00000000000000 0.00000000000000 0.00000000000000 0.00000000000000
# recruitment_beta:
 0.00000000000000 0.00000000000000 0.00000000000000 0.00000000000000 0.00000000000000 0.00000000000000 0.00000000000000 0.00000000000000 0.00000000000000 0.00000000000000
# ln_avg_recruitment:
 5.00000000000000 10.0000000000000 7.50000000000000 4.50000000000000 8.00000000000000 6.50000000000000 5.00000000000000 6.00000000000000 6.00000000000000 7.00000000000000
# recruitment_devs:
 -3.69453052091235 -3.69453731426851 -3.69452512615015 -3.69453200412531 -3.69452644172123 -3.69453708376615 -3.69451327123305 -3.69452963628825 -3.69452068858878 -3.69452364718811 -3.69451611264493 -3.69454290311465 -3.69453534286829 -3.69452214589522 -3.69452815122473 -3.69453557571219 -3.69453555331772 -3.69451511694507 -3.69452941352916 -3.69451144474453 -3.69452512196784 -3.69454709105349 -3.69451613574713 -3.69452404742577 -3.69453132493273 -3.69453409548963 -3.69453935953532 -3.69451483852811 -3.69452706038988 -3.69452409621582 -3.69452449576446 -3.69454306561451 -3.69452722231744 -3.69452739630558 -3.69451462665240 -3.69451799225193 -3.69450397060078 -3.69454264811474 -3.69453381775834 -3.69452418466243 -3.69453441900856 -3.69452883613185 -3.69451402047155 -3.69453081161393 -3.69452188331982 -3.69454337951674 -3.69453398209557 -3.69452365449835 -3.69454188389464 -3.69453321617006 -3.69452923207052 -3.69452678237870
 -3.69451621914521 -3.69451412374067 -3.69452340339101 -3.69451347470280 -3.69451105663439 -3.69452799584883 -3.69452413278133 -3.69450667766076 -3.69452583278261 -3.69452930729795 -3.69451840877884 -3.69454115980253 -3.69451707473592 -3.69454638985241 -3.69453069339365 -3.69452868374569 -3.69452296510837 -3.69451595876843 -3.69452470610668 -3.69451461629565 -3.69450600010961 -3.69452662392838 -3.69452380402573 -3.69452950873004 -3.69453936689353 -3.69452733815848 -3.69453248435831 -3.69451761031563 -3.69452987020049 -3.69452346620290 -3.69454457953431 -3.69452279434531 -3.69451616523171 -3.69451574864306 -3.69452015073000 -3.69451849829749 -3.69452231130898 -3.69451293373316 -3.69453655444752 -3.69453279734256 -3.69453089895384 -3.69453714613995 -3.69454669617221 -3.69454227415731 -3.69454013958019 -3.69453903811506 -3.69453067202176 -3.69453673453845 -3.69454025513002 -3.69452805035933 -3.69452691867889 -3.69452046702883
 -3.69452440463709 -3.69454226013854 -3.69452940393460 -3.69450517473371 -3.69452673774819 -3.69453093198816 -3.69454950391137 -3.69451455954576 -3.69451134241696 -3.69452683712775 -3.69452862706030 -3.69453497110591 -3.69451551404125 -3.69454213573107 -3.69452781971244 -3.69451901694774 -3.69451655140715 -3.69452616808614 -3.69451925934566 -3.69452620314922 -3.69453301455147 -3.69452644457621 -3.69453220273695 -3.69453183380829 -3.69454659633950 -3.69451289237469 -3.69452356310263 -3.69453444861397 -3.69450354673575 -3.69453424682831 -3.69453798658094 -3.69453896268091 -3.69454053345152 -3.69453539961918 -3.69451553020255 -3.69452238626917 -3.69454617580043 -3.69451934038276 -3.69452107768901 -3.69452361840353 -3.69453155807343 -3.69453176594156 -3.69453039559185 -3.69451836159780 -3.69452073348883 -3.69451794999883 -3.69452280936163 -3.69452880620112 -3.69452909000668 -3.69451328885051 -3.69452865916952 -3.69452626167059
 -3.69453056505863 -3.69453253547769 -3.69453285391416 -3.69453415368196 -3.69452294376085 -3.69453191662074 -3.69454629510410 -3.69453495806598 -3.69453230328006 -3.69452222274269 -3.69452354030489 -3.69453707039320 -3.69452773379076 -3.69452059198436 -3.69454366153012 -3.69453793601407 -3.69452023832377 -3.69454393529765 -3.69451798486174 -3.69454993125828 -3.69453251031616 -3.69454149747363 -3.69452300636111 -3.69453937648350 -3.69453209567905 -3.69451537485239 -3.69452888231035 -3.69455192758042 -3.69451960797999 -3.69451642173569 -3.69452431489095 -3.69453171129292 -3.69452311262750 -3.69452681082528 -3.69452031293566 -3.69454364233902 -3.69452987242636 -3.69453992680782 -3.69454136892662 -3.69455109048746 -3.69454154955760 -3.69450357369279 -3.69452475828585 -3.69453129397053 -3.69453301834712 -3.69452067179127 -3.69452217045787 -3.69452549609602 -3.69452233374084 -3.69452968032798 -3.69452091622975 -3.69454050768325
 -3.69451628553673 -3.69453177427920 -3.69452052983478 -3.69452849860927 -3.69452218201559 -3.69452138460416 -3.69451963835478 -3.69453020179626 -3.69453191788672 -3.69450874403384 -3.69452396910819 -3.69453580329127 -3.69454170101284 -3.69451924658213 -3.69454454248078 -3.69453670741238 -3.69452678134708 -3.69454835572219 -3.69453267730272 -3.69452748269247 -3.69451762350236 -3.69452615358265 -3.69452912910511 -3.69452628666673 -3.69452029619654 -3.69452717250372 -3.69451781572925 -3.69452056206537 -3.69453539286869 -3.69453225275164 -3.69453068605629 -3.69452907896024 -3.69453207323557 -3.69453885372688 -3.69451857925181 -3.69453414969345 -3.69453255466755 -3.69453349763797 -3.69452256843536 -3.69452489100743 -3.69452689224344 -3.69453068116516 -3.69452042794624 -3.69450896775093 -3.69452041265088 -3.69453431862181 -3.69451923514180 -3.69451336211395 -3.69450674145411 -3.69451331462564 -3.69453890481585 -3.69453657976809
 -3.69454600027442 -3.69452995316714 -3.69453538284509 -3.69453325871221 -3.69450456789225 -3.69451854193208 -3.69451826026924 -3.69454551732087 -3.69452199936824 -3.69452277314337 -3.69452120163454 -3.69453620512348 -3.69452468374752 -3.69451146856496 -3.69452486344750 -3.69452403852674 -3.69453444808586 -3.69454611990192 -3.69452514168405 -3.69453800622007 -3.69452084704277 -3.69455047992200 -3.69453795027673 -3.69454205944996 -3.69451847033317 -3.69452297442987 -3.69451749660563 -3.69452342382465 -3.69451682143122 -3.69454575695089 -3.69454021381176 -3.69452954396382 -3.69450706225712 -3.69452116850976 -3.69451648983194 -3.69453295162991 -3.69453293591373 -3.69451993535523 -3.69452744569846 -3.69451687067775 -3.69452741233260 -3.69452964738957 -3.69452897709470 -3.69454803953494 -3.69452164043197 -3.69452359369089 -3.69452369974882 -3.69452727508414 -3.69452583826687 -3.69452360175824 -3.69454258213878 -3.69452326527605
 -3.69454126076193 -3.69452729583976 -3.69451947247031 -3.69452015671305 -3.69453000534374 -3.69454094677178 -3.69452887782469 -3.69452840234412 -3.69453283759961 -3.69453349335805 -3.69451621074938 -3.69451240765882 -3.69453147090652 -3.69453326063855 -3.69453124165082 -3.69452080691940 -3.69453186384424 -3.69452359959386 -3.69451787871461 -3.69452133258468 -3.69451878048537 -3.69452825613564 -3.69452002449110 -3.69452107460794 -3.69453901003212 -3.69451336380898 -3.69451939893500 -3.69452012777384 -3.69452441914601 -3.69453598659721 -3.69451905755280 -3.69452649410591 -3.69454450403039 -3.69453739733017 -3.69452393951371 -3.69452544915126 -3.69451533797302 -3.69452336510066 -3.69453427910653 -3.69453585804553 -3.69451341699770 -3.69453658540585 -3.69452351350821 -3.69453814214967 -3.69452221137473 -3.69451939922157 -3.69450990357104 -3.69453109990071 -3.69452838849973 -3.69451011800771 -3.69453443130178 -3.69451079563600
 -3.69452235199784 -3.69454226115139 -3.69452357263012 -3.69452707962721 -3.69452082825006 -3.69450972406087 -3.69451937630306 -3.69451655501034 -3.69452631595827 -3.69452335162908 -3.69452978252178 -3.69454543953802 -3.69453827453857 -3.69453214787619 -3.69453730457349 -3.69452676647323 -3.69453785301055 -3.69453526405397 -3.69453352987798 -3.69451119198553 -3.69452740169613 -3.69453715695973 -3.69453118028744 -3.69453556962203 -3.69452217066991 -3.69453719586372 -3.69454157620532 -3.69451729322850 -3.69451768054328 -3.69451752000635 -3.69451941920057 -3.69452304205892 -3.69452649100158 -3.69452405967888 -3.69454570379800 -3.69453927866814 -3.69452948115251 -3.69456273710047 -3.69453649722892 -3.69452815761076 -3.69452149444134 -3.69452390340323 -3.69452626268336 -3.69453483119456 -3.69452956739938 -3.69453011890780 -3.69453356680593 -3.69452001672790 -3.69455027831504 -3.69454385941788 -3.69451367333992 -3.69451702492550
 -3.69452485057376 -3.69451702410639 -3.69452987368475 -3.69451885966639 -3.69452584368922 -3.69453008987610 -3.69454122011721 -3.69454251482035 -3.69451335027769 -3.69452888129880 -3.69451976383179 -3.69453552464746 -3.69453480017236 -3.69452815028237 -3.69454823730916 -3.69452739892935 -3.69452028347599 -3.69451843197027 -3.69452138446899 -3.69452721214075 -3.69451894269327 -3.69452409941471 -3.69453481992068 -3.69451988255578 -3.69453239632048 -3.69452586852658 -3.69452938848127 -3.69453175728865 -3.69453197039361 -3.69453384694790 -3.69453399690345 -3.69450758593370 -3.69452292575046 -3.69453178902713 -3.69452805962063 -3.69453495445014 -3.69452428513934 -3.69452747353878 -3.69454757057042 -3.69453989349546 -3.69452446727219 -3.69453090207898 -3.69453248964741 -3.69452798390989 -3.69453664492323 -3.69454051664920 -3.69452656048673 -3.69453262677991 -3.69453758592630 -3.69452373647818 -3.69453632237141 -3.69453554293248
 -3.69455053356808 -3.69453375699017 -3.69452285212010 -3.69453586792717 -3.69451403204739 -3.69453254468178 -3.69451988221261 -3.69453990633531 -3.69453500995533 -3.69454419897335 -3.69452007075986 -3.69451887091983 -3.69454088758250 -3.69452982445763 -3.69453517440003 -3.69453372730305 -3.69450970481384 -3.69453761084543 -3.69453554175265 -3.69452292330622 -3.69452795268302 -3.69452294606219 -3.69451773139227 -3.69453244196177 -3.69453093967425 -3.69451715135179 -3.69454791112828 -3.69454659830649 -3.69451842020268 -3.69452767596885 -3.69453480223644 -3.69452568925908 -3.69454205600016 -3.69453841353083 -3.69450908319851 -3.69452986645082 -3.69453600853534 -3.69454069150791 -3.69451189096942 -3.69452572043014 -3.69453174587480 -3.69454299526647 -3.69453521282883 -3.69452274756412 -3.69452843958851 -3.69452599678277 -3.69452061316682 -3.69454541246438 -3.69451639609668 -3.69452117320474 -3.69452351810891 -3.69451980325000
# ln_recsigma:
 1.00000000000000 1.00000000000000 1.00000000000000 1.00000000000000 1.00000000000000 1.00000000000000 1.00000000000000 1.00000000000000 1.00000000000000 1.00000000000000
# avg_F:
 16.5537676125344 35.1330896432461
# F_devs:
 13.8610418482652 0.00000000000000 0.00000000000000 0.00000000000000 0.00000000000000 0.00000000000000 0.00000000000000 0.00000000000000 0.00000000000000 0.00000000000000 0.00000000000000 0.00000000000000 0.00000000000000 0.00000000000000 0.00000000000000 0.00000000000000 0.00000000000000 0.00000000000000 0.00000000000000 0.00000000000000 0.00000000000000 0.00000000000000 0.00000000000000 0.00000000000000 0.00000000000000 0.00000000000000 0.00000000000000 0.00000000000000 0.00000000000000 0.00000000000000 0.00000000000000 0.00000000000000 0.00000000000000 0.00000000000000 0.00000000000000 0.00000000000000 0.00000000000000 0.00000000000000 0.00000000000000 0.00000000000000 0.00000000000000 0.00000000000000 0.00000000000000 0.00000000000000 0.00000000000000 0.00000000000000 0.00000000000000 0.00000000000000 0.00000000000000 0.00000000000000 0.00000000000000 0.00000000000000
 22.8109243336287 0.00000000000000 0.00000000000000 0.00000000000000 0.00000000000000 0.00000000000000 0.00000000000000 0.00000000000000 0.00000000000000 0.00000000000000 0.00000000000000 0.00000000000000 0.00000000000000 0.00000000000000 0.00000000000000 0.00000000000000 0.00000000000000 0.00000000000000 0.00000000000000 0.00000000000000 0.00000000000000 0.00000000000000 0.00000000000000 0.00000000000000 0.00000000000000 0.00000000000000 0.00000000000000 0.00000000000000 0.00000000000000 0.00000000000000 0.00000000000000 0.00000000000000 0.00000000000000 0.00000000000000 0.00000000000000 0.00000000000000 0.00000000000000 0.00000000000000 0.00000000000000 0.00000000000000 0.00000000000000 0.00000000000000 0.00000000000000 0.00000000000000 0.00000000000000 0.00000000000000 0.00000000000000 0.00000000000000 0.00000000000000 0.00000000000000 0.00000000000000 0.00000000000000
# fishsel_pars:
 -27.6097468161234 -36.6239927094131
 0.453431522252763 0.816309423562976
# ln_fishery_q:
 -75.6190706637514 -59.1604810358706 -56.5891564249608 -0.244819501863212 -97.8633943453098 -54.4495000854233 -8.86678784269495 -25.3938823119235
# ln_survey_q:
 1.99770266511926 1.99004380871737 -14.9891287112826 -14.9901737903087 -12.8557429727300 -9.15649664653188 -14.9996416347343 1.99433957220594 -14.8560295061078 -5.74496309724232
 -1.56793000043258 -14.2747379438789 1.99999983506326 1.99999577446891 0.826702278079747 -14.9960020142646 -0.803327259897424 -2.91553106672740 -8.76615931118610 -1.84216987770140
# survey_selpars:
 2.85288770059177 -4895.86037958888
 -11.1724787132361 641.903743940255
