# Number of parameters = 1158 Objective function value = 4016185.93922830  Maximum gradient component = 1916.82177741452
# ln_yr1N:
 -837.939459297687 -42.4794017869120 14.5916579688822 -70.1327322230830 -129.751234792844
 -170.335294633741 9.72967077234010 -129.930203752601 -85.1760075695630 5.54772140456419
 1.11935754603270 -35.9057468562135 -39.5168288725197 0.767622164510419 -37.8308762040356
 -252.016954637928 -39.4413779106630 3.66490089881641 -1037.60354404693 -650.376100797409
 2.48160288824821 -224.599044330359 -151.583132976510 -4329.75930169789 1.37328684906114
 4.99227577551531 -6.05237679566706 6.63256299916862 -49.5419783786375 -41.9949092052633
 6.83903381930884 -54.5509205973319 -74.2480072189578 -47.7407767666881 5.22217599557177
 -103.122657886019 11.5807613184891 -47.1270249368663 11.3372823356946 -51.7979195615812
 5.57161676380090 -5.79702940193059 8.56941877253711 7.49062467164525 5.65104685744222
 -41.0168181948152 6.92612641147242 -100.250685426847 -41.7200892544358 -906.015390383912
 -53.6640709752998 0.207894542447982 -69.1853914606796 -55.7207121579333 -58.9427725611820
# recruitment_alpha:
 0.00000000000000 0.00000000000000 0.00000000000000 0.00000000000000 0.00000000000000 0.00000000000000 0.00000000000000 0.00000000000000 0.00000000000000 0.00000000000000 0.00000000000000
# recruitment_shape:
 0.00000000000000 0.00000000000000 0.00000000000000 0.00000000000000 0.00000000000000 0.00000000000000 0.00000000000000 0.00000000000000 0.00000000000000 0.00000000000000 0.00000000000000
# recruitment_beta:
 0.00000000000000 0.00000000000000 0.00000000000000 0.00000000000000 0.00000000000000 0.00000000000000 0.00000000000000 0.00000000000000 0.00000000000000 0.00000000000000 0.00000000000000
# ln_avg_recruitment:
 14.4980302419598 13.4990096892402 4.60123131967978 7.15534837219989 8.82052938758768 9.77927032583667 8.83553683800027 13.1926298132811 6.76464449325184 11.0074342222092 7.39323885359036
# recruitment_devs:
 -3.69812932557432 -2.12744257937535 -3.37542450697020 -3.49097581762048 -3.46191725219054 -3.41495704966928 -3.47626597334449 -3.49091092190873 -3.43414233666331 -3.41604533130317 -3.55855279871696 -3.50653730677271 -3.59905435033280 -3.74191249504320 -3.64987293635732 -3.80445986686408 -3.66305034014690 -3.65246513988936 -3.73510947461936 -3.86301147536576 -3.95938565961226 -3.85683746427080 -3.89449302476350 -3.95354072902809 -3.96814700694402 -3.95054393838631 -3.84018779497262 -3.51807348365732 -3.55606452266116 -3.42758422425452 -3.47867894845146 -3.53342024518291 -3.60198719564340 -3.59406117643157 -3.66458739929454 -3.79400937684041 -3.88205254980470 -3.86789054491473 -3.80936657949876 -3.61563100883786 -3.17572837276290 -1.33481466527982 -3.18192227797968 -3.37223138888338 -3.34321808582894 -3.71498629160818 -3.86750930166793 -3.93822688563066 -3.97094139544311 -3.98382717151038 -3.95620049840111 -3.99430708676905 -3.84463451207462 -3.68292528380346 -3.66439615909713 -1.29993081712922 -3.22964822180759 -3.43578670572006 -3.59797498735809 -3.68085518039570 -3.68715746986751 -3.63476110798417 -3.52353666024401 -3.36876188828835 -3.16214340960211 -3.25595816508065 -3.27730671267612 -3.54950301628652 -3.84498126497870 -3.96735125774250 -4.26452527105599 -4.41306278263711 -4.55669310050996 -4.65873836719523 -4.76366969470673 -4.77478048482357 -4.80969419774706 -4.81214263403576 -4.75887857656420 -4.68378359438554 -4.44594665446110
 -3.69812932557459 -4.76013599720811 -4.53478131562485 -4.56558775503230 -4.56103952378151 -4.41179546116829 -4.58499250889323 -5.18561429165995 -5.36084471043474 -4.03847545175408 -4.44973781669317 -4.35686816757396 -4.39553404178587 -3.71489306250936 -3.52380673528223 -3.85370070958542 -2.24361301318025 -3.08429026323161 -3.55556746641015 -3.64833235871905 -1.83772439824727 -3.36145201168140 -2.83370469776877 -3.83564638743796 -3.62964588122240 -3.00279144130618 -3.18157280245341 -2.71201236800935 -3.02353017242957 -2.53085614059856 -3.40928115551615 -2.43620578171194 -3.27713768893352 -2.38883640681914 -3.57307588903526 -2.56463979670926 -3.21031900656771 -2.24364348493738 -3.66878878094637 -3.98567100914264 -4.45178755082188 -4.62015745188301 -4.41013587640085 -4.03092170965771 -3.83827701668084 -4.05348676285475 -3.94709928978906 -3.41672211550891 -4.00700746051540 -4.32613915164328 -4.34400976157928 -3.84236530425629 -3.83019228460762 -4.22387566018570 -3.40350711142965 -3.84584020965595 -2.72504002244840 -4.22409790229309 -4.19239651604671 -3.25076165308226 -3.50452376695634 -4.06851955018008 -3.99645747540541 -3.92673246115864 -3.81912668102887 -2.60959554085650 -4.06221797409696 -4.02741734136205 -2.57813344562682 -3.80675980857929 -3.85426604392080 -2.87558805223341 -2.95752375054581 -3.77998380012314 -3.88363397258801 -3.38691754493907 -3.94180577241518 -3.53424873159165 -3.31958740881196 -4.36023632495809 -4.78133340181447
 -3.69812932557450 -4.82569229681960 -4.69680200132828 -4.47240348476635 -4.30923621144270 -4.24229657959166 -4.16617403169175 -4.11999757246043 -4.08086620025275 -3.82212153257775 -4.08107465931600 -3.64688513888613 -3.63825662257119 -4.04067316779497 -2.01564192091026 -3.21578968239285 -3.26699583410998 -2.68157819987383 -2.77981242048484 -3.23735270432789 -3.02106554269905 -3.15017882437441 -3.37827646765111 -3.24508002495405 -3.56451411522268 -3.40521695947212 -2.93389376393192 -3.51321834360903 -3.20217013241214 -3.32970875934658 -2.99490865490093 -3.23237380554797 -3.17494969321451 -3.25647811173191 -3.35878158844978 -3.32401695622338 -3.21920720976114 -3.85510779020281 -4.35036912524266 -4.47713247841447 -4.32904316206907 -4.16115451586862 -4.08741895492477 -3.89163592937077 -3.87070085253919 -3.70071018569665 -3.88120845735415 -3.97966730711363 -4.02701752810593 -4.03784923497866 -4.02668138746547 -4.20094906536730 -3.93008259601514 -3.63186349256172 -3.64736926897576 -3.79844385066067 -3.76440717503395 -3.60605737478816 -3.87747747049465 -3.82212599682434 -3.72989807224596 -3.81982222924283 -3.76515324098032 -3.74765221186071 -3.43728637513983 -3.08983628112220 -3.39433869301439 -3.56573333361219 -3.33906866714118 -3.42900208377956 -3.50434239483790 -3.41484893441856 -3.60305638086109 -3.65194436328741 -3.60636080201793 -3.89068165602620 -3.25261636654934 -3.40871058653026 -4.31806062899731 -4.86796250552199 -5.09027627880921
 -3.69812932557445 -3.32505788346760 -0.110057211565856 -3.83795280986430 -4.06369719939808 -3.80794433116825 -3.80847617134239 -3.83513217164316 -3.92699551824672 -3.98614690470244 -3.82148756524509 -0.601773523692344 -3.68407616542325 -3.97840785831858 -4.11332179616490 -4.17534286556154 -4.17104879282982 -4.11284344100266 -4.05449016883045 -4.28969808039879 -4.59897491491914 -4.90186052138611 -5.02745567009387 -5.14254346326730 -5.22303078880635 -5.07664311297053 -3.27706516693349 -3.47605930780890 -2.81543248700293 -0.201524919550815 -4.29961414092405 -4.63511092846708 -4.86973988593755 -4.94974234226751 -4.96079408819938 -4.90937970281815 -4.86261452805094 -4.84550234693088 -4.86070191795348 -2.97515455358946 -3.30567939947672 -3.18478586501167 -0.730673850500598 -3.91076334522823 -3.96572785411862 -2.03886782548529 -3.41747139867362 -1.39189289647465 -2.85943728963868 -3.41130836671031 -3.69376472191379 -3.78492319367065 -3.93945823360631 -3.84972506131408 -3.75205927967597 -1.87299106542212 -2.14827615590340 -2.83910653322414 -3.05476762785564 -0.852155601321514 -3.67037031021872 -4.00708194108476 -4.08792297140351 -3.98626076527174 -3.76047501903284 -3.47799590810107 -2.81353315060702 -2.54253628199344 -3.29204302351764 -3.67513762888017 -3.66911261368123 -4.03162071359609 -4.32113647896244 -4.54802954341682 -4.76370716443737 -4.78112528506993 -4.59677618524548 -4.39212248625684 -4.51706143713520 -4.69657223445742 -4.28528586871506
 -3.69812932557444 -6.18285781858953 -5.95556082094405 -5.79591201008884 -5.65795595584231 -5.53864174994122 -5.43491080993662 -5.33890318169607 -5.25071019653543 -5.17029628638768 -5.09972655033766 -5.02614762505928 -4.96699713766053 -4.90641252156809 -4.85256463314570 -4.79829359835142 -4.75340495883697 -4.70459106121015 -4.65744795759354 -4.61499518258407 -4.57073760060410 -4.53160324243931 -4.50764692491399 -4.45960376257674 -4.42330840380863 -4.39651202725144 -4.35829283997940 -4.34001098193917 -4.29495353760545 -4.26907269942155 -4.23624461121408 -4.20577462091226 -4.18516216692803 -4.15150537797786 -4.11661648474203 -4.09080542933290 -4.06936507484509 -4.03551663934635 -4.00330278088397 -3.98562647815326 -3.94429283370751 -3.92751357506269 -3.87755371023603 -3.86585990120179 -3.82284546937532 -3.80796692060495 -3.75047408159508 -3.73246018233834 -3.68964884840501 -3.64902176194397 -3.61082505436891 -3.58220761114262 -3.53268386112952 -3.49330995005682 -3.43869489426448 -3.39941475611536 -3.35072298572564 -3.29266153724068 -3.25106099232444 -3.18605830337362 -3.13638144839486 -3.07173857271054 -2.99663618226038 -2.92658488338528 -2.84700224807749 -2.76951641850304 -2.68227815658597 -2.57484348183405 -2.47986014125830 -2.35239158719659 -2.24014821278693 -2.09187382150435 -1.94510739354661 -1.77198378930836 -1.57164487985984 -1.31692337921390 -1.06446128652503 -0.721455650101063 -0.296634925270221 0.291789007990303 0.978875216773163
 -3.69812932557431 -4.48643594703674 -4.51729934605840 -4.45896901863659 -4.42834883226392 -4.33004948160544 -4.27457315542504 -4.23982835035726 -4.11832773505426 -4.04944798235514 -3.98976615402902 -3.77517804253102 -3.80339101774804 -3.26531607144539 -3.25400698637448 -1.40435506837768 -3.43609410270097 -3.35142049538014 -3.16586166559459 -3.29504325142500 -3.39701617407216 -3.38370085948496 -3.53687537842332 -3.56975190336388 -3.56085567191316 -3.43422364724924 -3.31120788190393 -3.23763624102083 -3.17746624677453 -3.14876205348783 -3.04223480831344 -2.89223569485715 -3.18878154173033 -2.96029259338129 -3.15602934688193 -3.42083496134080 -3.92108718573352 -4.12629146525519 -4.41324575271853 -4.56741381970508 -4.47329711540236 -4.27654675437892 -4.04659513045172 -3.99900603595161 -3.59446753343024 -3.62862928413602 -3.96192327117874 -3.87811277688669 -4.00398474468316 -4.06191806495486 -4.15741031202031 -4.13959496125962 -3.88676072009926 -3.88321128793152 -3.36273875113309 -3.51627319198700 -3.67808632833431 -3.77590713860931 -3.93746745827081 -3.79643751107731 -3.90278808901144 -3.82468388649053 -3.77499056101174 -3.87915855409527 -3.27891747061591 -2.98443543183617 -3.16193757510993 -3.39458999091518 -3.51892298626048 -3.44582259693267 -3.54807564113008 -3.50919278162644 -3.82366100484321 -3.74219881469537 -3.82526553805084 -3.72031751095800 -3.46367690642735 -3.58730080977496 -3.90931897394098 -4.02264054881276 -4.06644435508641
 -3.69812932557448 -4.69028145967365 -3.89805177906836 -3.82860702625074 -3.86782019207189 -3.88440554472968 -3.87879619566995 -3.84798420719632 -3.91668537599658 -3.83957610739427 -3.90779286614081 -3.76476934339292 -3.76301063194279 -3.61068547559411 -3.47784038006402 -3.38869105664429 -3.49733822290629 -3.55679234449688 -3.46880324439594 -3.87626988897535 -3.53432664352739 -3.54131067922872 -3.90182578306746 -3.64877908219494 -3.55443362164231 -3.74361257531860 -3.57477140648802 -3.70940244567713 -3.62044786307757 -3.68168437294247 -3.64711086437677 -3.58064350160454 -3.62265245658633 -3.68122227423773 -3.59432950139546 -3.65292095144731 -3.69807016615998 -3.66773091938170 -3.71917206225077 -3.83767248938590 -3.88855903894926 -3.81620305622557 -3.68694494657093 -3.72081876120824 -3.63613472264332 -3.61565053839405 -3.61590073024458 -3.72060394215893 -3.75145584642816 -3.65898620787467 -3.56108110373088 -3.70770468529260 -3.68604561468313 -3.65122839992298 -3.69173738755686 -3.62923130888802 -3.64805744558673 -3.66107591429326 -3.59366717844243 -3.68944404556190 -3.59839678839991 -3.62574615641526 -3.62171238307066 -3.59683302867084 -3.62163979068026 -3.49520609615680 -3.59449726348537 -3.61525887816050 -3.71641303353738 -3.66766496664100 -3.60276546508523 -3.66763990544463 -3.62414235803944 -3.61003380977400 -3.56753155646299 -3.72062200250870 -3.66191100471250 -3.73409407358033 -3.62673298539652 -3.75907259305331 -3.99655393568089
 -3.69812932557441 -4.27797226907743 -4.34376122419187 -4.41331914597142 -4.24030985671095 -2.52950549479068 -3.10140102157164 -3.89528378873599 -4.54011758436862 -4.95237442880213 -5.07045560068907 -4.99308161469149 -4.83093104800905 -4.69307545767901 -4.41169029047627 -4.70091068078430 -4.87226465942879 -5.08102912201793 -5.35883204652592 -5.42177219891594 -5.03823124968579 -3.80791891838177 -3.49206681120829 -3.91528404822171 -1.64442354069946 -2.64675340086185 -4.10039805379394 -4.30255975628564 -4.47540903837831 -4.41462218818733 -4.27904463896954 -3.68134087900329 -3.73148590118905 -4.04762825798622 -4.01215838869214 -4.07461558149153 -2.82348950739217 -3.27448932034352 -3.24117049506413 -2.46027983969882 -2.99926650932348 -3.55965075584298 -3.71242753473538 -3.57351162433873 -3.56785989306925 -3.54829865248300 -3.89154150744011 -4.13411890872170 -2.07591701980472 -2.57196004429574 -1.48792060574777 -3.73571819269433 -3.94172254013834 -3.92643933532238 -2.30767504763178 -3.84158574074689 -3.95120429277232 -3.80942471653509 -3.17004490345484 -3.67660208433476 -1.79349314508930 -1.62369429583537 -3.46031717013744 -3.88697178082925 -3.88279026316081 -3.86904251239275 -4.10483282438007 -4.20780828385958 -4.28735377436111 -4.28666205540108 -3.01262655275035 -3.50174142389529 -2.10575411090734 -3.16891080796720 -1.68792289361991 -0.327159654107858 -3.83808885444441 -3.98908941748482 -4.04421467539908 -4.00482411648923 -3.81494750633821
 -3.69812932557441 -3.61529080885179 -3.63552336411610 -3.64261956366769 -3.63698590787208 -3.62327900982617 -3.61580292111059 -3.61353810298515 -3.61250617885155 -3.60889448980291 -3.59254113332450 -3.61918539727545 -3.62304417774715 -3.60112771897005 0.997536873438361 -3.58731916361508 -3.58987444472940 -3.54406479265175 -3.55982174222307 -3.56395523803723 -3.66233787885720 -3.60460559576362 -3.44708271193835 -3.44437948337147 -3.40494637146060 -3.47323175395885 -3.42049061670102 -3.35251233979082 -3.56841579613681 -3.59218284245094 -3.60333984358923 -3.63451815213395 -3.78164554233274 -3.85744552107962 -3.88966740783000 0.574824190745614 -3.72252602234813 -3.71383382706225 -3.77578184717502 -3.76485775220154 -3.71301102709552 -3.66705920224704 -3.64946283520530 -3.64897639772511 -3.52452724409621 -3.39070783161965 -3.37930758704425 -3.33747767036663 -3.24421904567688 -3.24408172737747 -3.23616255280311 -3.20234701674267 -3.27763312541489 -3.29955498477592 -3.34649509804802 -3.30879270964807 -3.48746810579944 -3.45056230677578 -3.49023598812517 -3.67923713183572 -3.78136590960135 -3.92090887948752 -3.84085673527745 -3.98643767584018 -4.12511899806123 -4.21924526350717 -4.29269311947380 -4.42908096336935 -4.49002142327942 -4.58071410355920 -4.65159726885301 -4.72702445863261 -4.80838320185718 -4.88307043399900 -4.90824286052031 -4.95331137760819 -4.96902012043407 -4.94151895225309 -4.86361347957406 -4.73907600841212 -4.43774912268872
 -3.69812932557440 -5.13382335985349 -4.83915938529644 -4.82040972411762 -4.74939282518931 -4.65716320671173 -4.62959202742363 -4.55447581585244 -4.39156434586732 -4.33385088707144 -4.20948370099803 -3.98615813909021 -3.91935215551223 -3.69883854318856 -3.07061274331985 -2.80292040510683 -2.63088362038294 -3.23718762164496 -2.64195212629053 -2.83984233914529 -3.19684421326568 -3.04446407679642 -3.38366783506026 -3.40812608128731 -3.36323850170942 -3.30907737069089 -3.23171519122979 -2.97876007918793 -3.35853329379687 -3.51323573473717 -3.07358569116435 -2.64934858647777 -3.13825975788302 -3.12983010271156 -2.84498649415752 -3.20433555340983 -3.25962311526843 -2.99892680941577 -3.79834765485653 -4.16070665592357 -4.35342270248235 -4.35775792838917 -4.24761585267987 -3.86350582356565 -3.97465454859279 -3.99645202356865 -3.68811045656366 -3.85519395124411 -4.02857209496145 -4.07339903762995 -3.87618785787174 -4.19759757825292 -4.03522598936019 -3.96489078894673 -3.60801780390545 -3.57012135047748 -3.90386254724090 -3.75521509385507 -3.78230600915854 -3.68372434334692 -3.82630583717330 -3.87804852572478 -3.96806967102587 -3.97038295613042 -3.40490472488090 -3.33570505896889 -3.26238408257106 -3.46185538815011 -3.43235888791845 -3.42324037401570 -3.42219529067869 -3.61964871596380 -3.43556082281338 -3.51614761505287 -3.78678349867549 -3.72419360068170 -3.64781128245824 -3.41522414125674 -3.41989544862685 -4.02306496871723 -4.58163050905359
 -3.69812932557440 -6.66238853730554 -6.38518611825347 -6.14995377655939 -5.95375932681360 -5.75843342972366 -5.58576819832686 -5.43285998538480 -5.29411508254102 -5.15863752741554 -5.03200661297005 -4.89850196413104 -4.77692600681622 -4.65605171321604 -4.41073259570594 -3.52024453030034 -2.32852454635022 -2.46469613083783 -2.57102682157538 -2.68242539390022 -2.78994782533349 -2.90272644568361 -3.00603363250523 -3.04497208862804 -3.07811250474776 -3.12078033226362 -3.09250403539434 -3.07999570037846 -3.08441161081861 -3.05569317263674 -3.03656986060100 -3.01042648301044 -3.03031761598867 -3.04622866282537 -3.04480627296151 -3.09981673016892 -3.05629114875181 -3.04682755602673 -3.03379174281996 -2.99246543702630 -4.24771882140032 -4.28748627607161 -4.18168334416965 -4.11241667680645 -3.99018266342712 -3.95017614718123 -3.91235460285786 -3.87333778120495 -3.85795054649417 -3.82778801411206 -3.78623253507952 -3.75680098557563 -3.66422221431731 -3.61018529789216 -3.55155864257421 -3.55101971784362 -3.56121385724402 -3.59352761525518 -3.60092631493953 -3.62814712556177 -3.62780788031411 -3.64371212353165 -3.65592699701942 -3.63574585765457 -3.62019268610485 -3.03911431667600 -3.03056905465311 -3.06539338304131 -3.09735196242203 -3.14112563103030 -3.17374131663950 -3.20151656935660 -3.20744947422680 -3.23749894676742 -3.22657966025894 -3.26412359804211 -3.19026145250446 -3.18081685085086 -3.15473922186754 -3.13319712710973 -3.08805960964341
# ln_recsigma:
 1.00000000000000 1.00000000000000 1.00000000000000 1.00000000000000 1.00000000000000 1.00000000000000 1.00000000000000 1.00000000000000 1.00000000000000 1.00000000000000 1.00000000000000
# avg_F:
 -6.32410616846620 -1.28274029851442
# F_devs:
 -36.5984991947442 -32.5856203695030 -40.6872834904316 -37.6055771642539 -38.7938648300030 -41.6249374393982 -40.1729267918563 -52.2808848173993 -37.5986661721679 -42.8821879511331 -41.3320031036334 -39.3217285394993 -54.7161058707166 -41.7700115687638 -46.3849889759602 9.49800653839373 9.40751287106614 9.37279373887810 9.31536179941125 9.25912069630349 9.17544543335563 9.12291056616086 9.07759868850262 9.11010964639158 9.07452606297340 9.18670691025818 9.35335659600100 9.45892519957480 9.51474698004570 9.61421121780294 9.69604101041900 9.74614594414404 9.73315092578000 9.71856552628152 9.68586342529773 9.65941116825995 9.70973038165534 9.74362404256819 9.80359736680321 9.90958032576662 9.08901309350210 9.10855951223535 9.17381797073315 9.28379119931782 9.34699179063247 9.36574650216089 9.33028138868791 9.27435858541372 9.25485876263314 9.25854196585467 9.26604619320166 9.24283751785672 9.40176344955003 9.52509919551115 9.56021264260482 9.56849780457978 9.46887781172265 9.42829778395934 9.35496686054689 9.29202856381767 9.25874393026181 9.25860268451441 9.19797186442731 9.20787703679177 9.24085742114446 9.69730728301377 9.74805976450032 9.69177404521994 9.60922778197083 9.57650632646754 9.52541993828995 9.49842266918541 9.45870130906770 9.47246437690671 9.42754979749249 9.49455133531252 9.62187154491217 9.70150709866795 9.77372937224597 9.83993866671943 9.94233980544321
 1.13263272682513 0.208639112520427 0.00827754417612673 -0.0665835031835858 -0.109469122523483 -0.130152066821318 -0.134030821167673 -0.144538876520249 -0.169568599399642 -0.169230302969057 -0.171483714745396 -0.200146649850478 -0.236001257697639 -0.292057930288393 -0.387896647517292 0.502384940200318 0.234611053222908 0.124994734252510 0.0479521003830875 0.0107070375118942 -0.00553056027063628 -0.0345625216380694 0.00681522745591262 0.0544705224849175 0.0574547012271638 0.0744780518616628 0.0544342933374687 0.0651530548877984 0.0570034007756536 0.103453984264160 0.124617871756830 0.150459806664257 0.115018994390544 0.117510503100799 0.149035666165065 0.140406092946640 0.120911405659539 0.176735943331496 0.216683202252252 0.247503310649418 -0.167849260349338 0.0134051197646614 0.0911097421538477 0.0990271084101638 0.110300026218072 0.121440902648945 0.123786776566535 0.119792133854768 0.127084988130946 0.166108363971147 0.176300397847612 0.139183959937476 0.158865074442277 0.184421261116515 0.184983439303207 0.185774649156096 0.186706011029625 0.171490939958262 0.178848293028692 0.197288478131509 0.186251660962646 0.199940883303581 0.149693186840518 0.158691227007368 0.136796430962290 0.270425769728679 0.225241956085371 0.221171573448220 0.188170428712672 0.238992214013839 0.238602164316287 0.195148974964027 0.190798250234199 0.220998657197346 0.237027456557641 0.225805115538340 0.263540171726359 0.283781959064268 0.368996464311409 0.394994952137486 0.480670858926725
# fishsel_pars:
 -9.75401646668895 187.898705728240
 0.0790920751550181 -1.51060730434510
# ln_fishery_q:
 4.69853936213240 -3.71154332675021 -0.0700837560324536 1.83715995440421 -1.23049634320759 4.09593294877484 0.532391227236779
# ln_survey_q:
 -2.62108526954783 1.76014959308257 1.99999589939080 -1.23171311358459 -0.433375901671623 1.78202029428555 0.770120112564618 -3.20535553662459 1.77654991976748 1.58246009552938 1.99999981915294
 -4.07502230996626 0.930602595105155 1.87951460041741 -2.02754315006119 -0.134031982450272 -12.9532320790269 0.864596379330873 -3.25160653823236 1.72404692234125 1.38350727614151 1.99999996891266
# survey_selpars:
 164.596329306628 -13.6005768196570
 -0.917990481782537 2.26007329189971
