# Number of parameters = 722 Objective function value = 9590891.00662342  Maximum gradient component = 0.248781717902903
# ln_yr1N:
 -2.15508899095032 2.82030715518240 -58.0763148858240 -18.7104790220789 -19.1450092551604
 -5.50463788968913 -104.048620245653 -47.8190040923009 -23.7333512805685 -44.4171388693690
 -58.9348240629266 1.33561095772700 -16.1648925352581 -13.4160779220066 -13.0150305891318
 -15.6185524279778 53.7404729441777 55.2407664472291 54.2587988585092 -12.0511061686288
 -9.30531694063823 36.4839369975663 38.2793922468382 -10.8914146530202 -12.9199605719326
 1.52287439356922 22.3266217524052 -6.67418570648343 -13.5532609520129 -18.7862401957829
 12.3731547846400 -0.743867507959487 12.6078273093900 -12.5416559314516 -12.5046872119603
 -130.033086634198 0.376503934514120 -27.2832648895835 -109.689643434432 -28.1031145858967
 -86.2351477663902 22.1441582789051 23.4919043515082 -10.3944749447612 20.6773461310226
 2.27843413277277 59.7339310776171 -41.4583741698093 -12.1981866417391 -9.67471570668476
# recruitment_alpha:
 0.00000000000000 0.00000000000000 0.00000000000000 0.00000000000000 0.00000000000000 0.00000000000000 0.00000000000000 0.00000000000000 0.00000000000000 0.00000000000000
# recruitment_shape:
 0.00000000000000 0.00000000000000 0.00000000000000 0.00000000000000 0.00000000000000 0.00000000000000 0.00000000000000 0.00000000000000 0.00000000000000 0.00000000000000
# recruitment_beta:
 0.00000000000000 0.00000000000000 0.00000000000000 0.00000000000000 0.00000000000000 0.00000000000000 0.00000000000000 0.00000000000000 0.00000000000000 0.00000000000000
# ln_avg_recruitment:
 5.00000000000000 10.0000000000000 7.50000000000000 4.50000000000000 8.00000000000000 6.50000000000000 5.00000000000000 6.00000000000000 6.00000000000000 7.00000000000000
# recruitment_devs:
 -3.69453138220379 -3.69452612128537 -3.69452476102343 -3.69453007875855 -3.69452702539539 -3.69452441186798 -3.69452985151382 -3.69453065063329 -3.69452584339073 -3.69452994518261 -3.69452667667260 -3.69453098472472 -3.69452536336377 -3.69452871081776 -3.69452994284790 -3.69452825945467 -3.69452772069093 -3.69453071191951 -3.69452684522559 -3.69453205628634 -3.69453280517989 -3.69452815045048 -3.69452805048194 -3.69452920733309 -3.69452894135845 -3.69453171060384 -3.69452756695056 -3.69452815994628 -3.69452873652521 -3.69452301531905 -3.69452271717638 -3.69452505420882 -3.69452494086572 -3.69453043205621 -3.69452677070165 -3.69453265733241 -3.69452782833062 -3.69452703130257 -3.69453072527117 -3.69453239103162 -3.69452610269899 -3.69453311066218 -3.69452825755737 -3.69452988760919 -3.69452722374801 -3.69452574213212 -3.69453237412207 -3.69453185873330 -3.69452390644727 -3.69452793302672 -3.69452541872471 -3.69452457022967
 -3.69453154250414 -3.69452352064841 -3.69452977013048 -3.69452713155640 -3.69452844530271 -3.69452859155089 -3.69453090074232 -3.69452693756078 -3.69452541139966 -3.69452978253239 -3.69452608234572 -3.69452497639232 -3.69452813730533 -3.69452779586065 -3.69452578199114 -3.69452797410570 -3.69452489426922 -3.69453156552752 -3.69453189083076 -3.69452445057409 -3.69452739145289 -3.69451794987740 -3.69452870645189 -3.69452642517920 -3.69452717982756 -3.69452905887518 -3.69452608353247 -3.69452766063694 -3.69452610838884 -3.69452686801831 -3.69453197796149 -3.69452949882753 -3.69453090914962 -3.69452411831480 -3.69452565661682 -3.69453449715024 -3.69452561522320 -3.69452687762780 -3.69452846235929 -3.69452166412034 -3.69453378064392 -3.69452900605458 -3.69452829125141 -3.69452642248235 -3.69452699593560 -3.69453038184080 -3.69452268501246 -3.69452590269689 -3.69452861152398 -3.69452943767077 -3.69452960453683 -3.69452793163855
 -3.69453097038968 -3.69453169548636 -3.69453238192406 -3.69452987382513 -3.69452776979615 -3.69453255751671 -3.69452670754715 -3.69452462388479 -3.69452916196771 -3.69453116259515 -3.69452956903702 -3.69452683629798 -3.69453259842066 -3.69452715695460 -3.69452419400763 -3.69453453060317 -3.69453624169126 -3.69452662798564 -3.69452155942612 -3.69452810402492 -3.69452679241766 -3.69452655278430 -3.69452961561734 -3.69452456272027 -3.69452895920759 -3.69452377440957 -3.69452807047025 -3.69453031294840 -3.69452520511719 -3.69452883396013 -3.69452615192626 -3.69452393087334 -3.69453115848189 -3.69452800795330 -3.69452868111219 -3.69452583244199 -3.69452989638993 -3.69452585572290 -3.69453070496037 -3.69452566825481 -3.69452693031244 -3.69452865456287 -3.69452741767690 -3.69452642219026 -3.69452477272920 -3.69452944134596 -3.69452825136004 -3.69452464683630 -3.69452777325142 -3.69452921794348 -3.69452921148510 -3.69452760572119
 -3.69452967603464 -3.69453289214330 -3.69452919897355 -3.69453011953217 -3.69453188455763 -3.69452078851079 -3.69452532854106 -3.69453105509925 -3.69453550487908 -3.69452878934249 -3.69452619571062 -3.69452910428336 -3.69453007146150 -3.69452647725887 -3.69452541117590 -3.69453205303719 -3.69452663122867 -3.69453041284142 -3.69452756676869 -3.69452389993647 -3.69452156692109 -3.69452874118440 -3.69452151426962 -3.69452370326670 -3.69452581643660 -3.69453408122763 -3.69452863828300 -3.69452712195990 -3.69452779461603 -3.69452798064122 -3.69452676879012 -3.69453043443452 -3.69452451342245 -3.69452824024957 -3.69453200704738 -3.69452559511704 -3.69452482002991 -3.69452499875736 -3.69452413431248 -3.69453357784511 -3.69452802925241 -3.69452945459075 -3.69452823926080 -3.69452812147809 -3.69452752310262 -3.69452920758793 -3.69453034223000 -3.69452940467593 -3.69452438124241 -3.69453103257097 -3.69453234635826 -3.69452808048186
 -3.69452687459338 -3.69452940919408 -3.69452591444797 -3.69453285213409 -3.69452883100485 -3.69452260152673 -3.69452616133828 -3.69453335441709 -3.69453169599283 -3.69453428787860 -3.69452563654870 -3.69452930676547 -3.69452241203700 -3.69452396883070 -3.69452854031422 -3.69452889223694 -3.69453381788677 -3.69452969196091 -3.69452524202725 -3.69452937567871 -3.69453031368385 -3.69453060271909 -3.69453249291291 -3.69453232825236 -3.69452593740694 -3.69452713088217 -3.69452633906092 -3.69452942525952 -3.69452850953111 -3.69452852505593 -3.69452406609692 -3.69452538358398 -3.69452811853336 -3.69452872869568 -3.69452527855220 -3.69452295454005 -3.69452668592181 -3.69453285292943 -3.69452822996934 -3.69452555467510 -3.69452723755257 -3.69452500394520 -3.69452899159705 -3.69452632103087 -3.69453098077033 -3.69452611474584 -3.69452544783636 -3.69453327259794 -3.69453224865622 -3.69453048859963 -3.69453081720799 -3.69452986912935
 -3.69452310863879 -3.69452404739272 -3.69453258131761 -3.69452767468665 -3.69453081061391 -3.69452988487886 -3.69452437076999 -3.69453254961284 -3.69452903616248 -3.69452831372969 -3.69452737580446 -3.69452927476457 -3.69453173608826 -3.69452989646975 -3.69452993691668 -3.69453025973558 -3.69452609274248 -3.69453032775128 -3.69452624177964 -3.69452816629348 -3.69452755988661 -3.69452713366191 -3.69452889189237 -3.69453003712672 -3.69452726435741 -3.69453290247522 -3.69452110834889 -3.69453103985120 -3.69452987583779 -3.69453431296530 -3.69452858037198 -3.69452378602695 -3.69453101188471 -3.69452491559322 -3.69453018230017 -3.69453232713672 -3.69452828952302 -3.69452981000649 -3.69452406061145 -3.69453096589856 -3.69452604389774 -3.69453048627438 -3.69452704540494 -3.69452513635181 -3.69452561530823 -3.69453254811992 -3.69453044204086 -3.69453106961707 -3.69452540086557 -3.69452479844300 -3.69453058847801 -3.69452381834022
 -3.69452808758020 -3.69452397612436 -3.69453605089046 -3.69452758983334 -3.69452493780624 -3.69453188831559 -3.69452258088828 -3.69452550622358 -3.69452862054971 -3.69453069760057 -3.69452419619321 -3.69452825373174 -3.69452751339454 -3.69452654333458 -3.69452310616780 -3.69452325099887 -3.69452805908305 -3.69453018908153 -3.69452699869617 -3.69452931054096 -3.69453040686178 -3.69452543581246 -3.69452896779269 -3.69452848399136 -3.69453127418759 -3.69452591714066 -3.69453027783890 -3.69452294306634 -3.69452826241610 -3.69453028614571 -3.69452294279522 -3.69452560975276 -3.69452557064984 -3.69452652561865 -3.69452402989476 -3.69453388346197 -3.69452304792518 -3.69452004188964 -3.69453145778200 -3.69452745514908 -3.69453159375820 -3.69452911368441 -3.69452939374286 -3.69452380962790 -3.69452971335005 -3.69453083154331 -3.69452194030379 -3.69452443417083 -3.69452534973203 -3.69452776287089 -3.69452369809822 -3.69452800866072
 -3.69452843663313 -3.69452972826877 -3.69453232082901 -3.69452717546146 -3.69453132264479 -3.69453291133552 -3.69453401679759 -3.69452958171625 -3.69452669978014 -3.69452655266628 -3.69453253687519 -3.69452981595236 -3.69452968057629 -3.69452686170053 -3.69452341584289 -3.69453247922618 -3.69452459736331 -3.69452934154896 -3.69453074162519 -3.69453063462312 -3.69452591241245 -3.69452938054456 -3.69452667399484 -3.69452886336874 -3.69452627035262 -3.69452905304259 -3.69452834374513 -3.69452571191746 -3.69452869927486 -3.69452612021884 -3.69452524779440 -3.69452896412435 -3.69452817818712 -3.69452322547972 -3.69452627320631 -3.69452897521788 -3.69453078808663 -3.69452870655255 -3.69452520260912 -3.69452502036307 -3.69452696041140 -3.69452753449892 -3.69452393784487 -3.69452720649619 -3.69453271613605 -3.69452786917278 -3.69453294070165 -3.69452373731526 -3.69453198547586 -3.69452842670687 -3.69453202346043 -3.69452732901881
 -3.69452535119173 -3.69453179973380 -3.69453001832704 -3.69452683831568 -3.69452425295290 -3.69452487008469 -3.69452775151513 -3.69452867162442 -3.69453102595892 -3.69452858114251 -3.69452659292708 -3.69452606168796 -3.69452793619077 -3.69452730960693 -3.69452932792472 -3.69452264995800 -3.69452547047188 -3.69452927288201 -3.69453226299611 -3.69452719843452 -3.69452818229715 -3.69453195508703 -3.69453586855881 -3.69453528353342 -3.69453019657030 -3.69453071503957 -3.69452886742870 -3.69452501867183 -3.69452845499213 -3.69452256790184 -3.69452265187661 -3.69452841020510 -3.69452692263846 -3.69452219934597 -3.69452698044313 -3.69452671968445 -3.69452933888906 -3.69452914783943 -3.69453187133021 -3.69452522958207 -3.69452953989738 -3.69452026471427 -3.69452049920742 -3.69453174863507 -3.69453052897221 -3.69452820205901 -3.69452822857637 -3.69452938383762 -3.69453103944604 -3.69453295692857 -3.69452137630625 -3.69452633381926
 -3.69453306851717 -3.69453016380206 -3.69452776567984 -3.69452984551649 -3.69452384422799 -3.69452825110790 -3.69452452353608 -3.69453177347445 -3.69452917606038 -3.69452251670844 -3.69452895751281 -3.69453139187648 -3.69452803048774 -3.69452390120276 -3.69453078542072 -3.69452586852441 -3.69453635309201 -3.69452847052005 -3.69452408203641 -3.69452552840111 -3.69451755509995 -3.69452821832164 -3.69453467813709 -3.69452728781198 -3.69452903981654 -3.69453151096747 -3.69452593214782 -3.69452812651169 -3.69452735167345 -3.69452392339437 -3.69452690778020 -3.69452721049791 -3.69452854956444 -3.69452863548689 -3.69452483399924 -3.69453322509901 -3.69452848916106 -3.69453075436122 -3.69452738355999 -3.69452048450350 -3.69452496475208 -3.69452344083189 -3.69452069482777 -3.69452557747544 -3.69452576065452 -3.69453085778390 -3.69453504309271 -3.69453113785158 -3.69452396711859 -3.69453415984822 -3.69452650619688 -3.69452497652743
# ln_recsigma:
 1.00000000000000 1.00000000000000 1.00000000000000 1.00000000000000 1.00000000000000 1.00000000000000 1.00000000000000 1.00000000000000 1.00000000000000 1.00000000000000
# avg_F:
 -26.8780774513417 1.05800018545586
# F_devs:
 -24.1230979218515 0.00000000000000 0.00000000000000 0.00000000000000 0.00000000000000 0.00000000000000 0.00000000000000 0.00000000000000 0.00000000000000 0.00000000000000 0.00000000000000 0.00000000000000 0.00000000000000 0.00000000000000 0.00000000000000 0.00000000000000 0.00000000000000 0.00000000000000 0.00000000000000 0.00000000000000 0.00000000000000 0.00000000000000 0.00000000000000 0.00000000000000 0.00000000000000 0.00000000000000 0.00000000000000 0.00000000000000 0.00000000000000 0.00000000000000 0.00000000000000 0.00000000000000 0.00000000000000 0.00000000000000 0.00000000000000 0.00000000000000 0.00000000000000 0.00000000000000 0.00000000000000 0.00000000000000 0.00000000000000 0.00000000000000 0.00000000000000 0.00000000000000 0.00000000000000 0.00000000000000 0.00000000000000 0.00000000000000 0.00000000000000 0.00000000000000 0.00000000000000 0.00000000000000
 -1.09934139732257 0.00000000000000 0.00000000000000 0.00000000000000 0.00000000000000 0.00000000000000 0.00000000000000 0.00000000000000 0.00000000000000 0.00000000000000 0.00000000000000 0.00000000000000 0.00000000000000 0.00000000000000 0.00000000000000 0.00000000000000 0.00000000000000 0.00000000000000 0.00000000000000 0.00000000000000 0.00000000000000 0.00000000000000 0.00000000000000 0.00000000000000 0.00000000000000 0.00000000000000 0.00000000000000 0.00000000000000 0.00000000000000 0.00000000000000 0.00000000000000 0.00000000000000 0.00000000000000 0.00000000000000 0.00000000000000 0.00000000000000 0.00000000000000 0.00000000000000 0.00000000000000 0.00000000000000 0.00000000000000 0.00000000000000 0.00000000000000 0.00000000000000 0.00000000000000 0.00000000000000 0.00000000000000 0.00000000000000 0.00000000000000 0.00000000000000 0.00000000000000 0.00000000000000
# fishsel_pars:
 -184.329802110181 -12.8365225548602
 5.98881876742969 0.681704059111622
# ln_fishery_q:
 60.8192876260281 3.81701485406011 3.21825042981579 3.02254697817061 -0.726172362427690 -0.986336553996813 3.08717956581344 4.30150632005398
# ln_survey_q:
 -0.745002419150708 1.96852579814431 -0.145380242498675 -12.5898172048841 -12.3211510698309 0.170331379503157 -11.4562577337569 0.246653086312238 -1.37131977210722 1.90264713222181
 -0.726009912853032 -0.495595117144161 -0.112881494885997 -12.9919351125846 -11.8359595995688 -1.38283838541991 -14.7833681603052 -0.0934317019513422 -1.15037391019936 0.571771919617612
# survey_selpars:
 -4.61376303283818 1.56847282675546
 0.179142423175670 4.36335594990090
