# Number of parameters = 1057 Objective function value = 5761396.26463722  Maximum gradient component = 9.82808851327625
# ln_yr1N:
 -39.0276354501840 -68.1369235366579 12.7170240102355 -22.3014370780991 -61.9643400856653
 8.29045394995241 -24.9329535632369 -24.2491258139341 -129.714391398323 -26.4941365295459
 2.56846855842040 -50.8838219900131 -219.074556499479 -42.8335573326247 -75.3340061410665
 9.39994131201102 -35.3121996830764 -45.6945298033808 -33.7281700080461 -47.8645576799027
 6.42654439194723 6.21964477190124 -152.294908579422 -16.4883758003088 -777.994519326986
 -107.672365339214 2.47581362450126 3.89447386227961 -57.2341125897520 -67.3060452725921
 -48.4312915134533 15.9492796858152 -5.29631873723071 -228.150375158403 14.8680935986488
 -74.6986032896269 10.3164964212398 -58.5331113532466 -37.4499061534917 -35.7312567654124
 9.32618838118314 -2707.87306137203 12.6357370835560 -19.7564131722206 -46.6019463574952
 6.58181191455704 -31.0231174184466 -71.0537330916204 -29.7577407256953 -83.9775144993740
 -2.98973473378889 -42.4155380242594 -44.4101799577098 -42.5125447646032 -45.4004456158883
# recruitment_alpha:
 0.00000000000000 0.00000000000000 0.00000000000000 0.00000000000000 0.00000000000000 0.00000000000000 0.00000000000000 0.00000000000000 0.00000000000000 0.00000000000000 0.00000000000000
# recruitment_shape:
 0.00000000000000 0.00000000000000 0.00000000000000 0.00000000000000 0.00000000000000 0.00000000000000 0.00000000000000 0.00000000000000 0.00000000000000 0.00000000000000 0.00000000000000
# recruitment_beta:
 0.00000000000000 0.00000000000000 0.00000000000000 0.00000000000000 0.00000000000000 0.00000000000000 0.00000000000000 0.00000000000000 0.00000000000000 0.00000000000000 0.00000000000000
# ln_avg_recruitment:
 11.9925989859181 13.1243191604196 4.95531757258768 9.60605633008798 11.1260177743911 9.52747832987185 11.0020047826663 12.2463964970242 6.74171817151397 10.6042074033821 7.01398272535136
# recruitment_devs:
 -3.69454226658035 -2.14994042287790 -3.77485190468698 -4.03829644231238 -4.27957958052251 -4.52687234306984 -4.78143049694270 -5.03432653384250 -5.27755115841966 -5.50016953923618 -5.69198475558850 -5.83810646569320 -5.91608204109517 -5.88198974293209 -5.61589512096383 2.86129993754225 -3.78086925934356 -3.80493302752741 -3.81378812978616 -3.81307310198781 -3.80102647052146 -3.78545745911908 -3.76026630702671 -3.72809526761268 -3.69044846624219 -3.65130576307408 -3.61128851590394 -3.57573615218266 -3.55290285911472 -3.55056189490356 -3.55603840071757 -0.344476408418316 -3.59122319284478 -3.62430106840102 -3.66644868710245 -3.70573270265465 -3.75257613186737 -3.79466233160791 -3.82212045473932 -3.80243797527039 1.83938061813175 -3.72346227155895 -3.75549519742264 -3.77358755280539 -3.77856428131725 -3.77733593257118 -3.77435772249135 -3.76570272430889 -3.75571632139042 -3.75682223493931 -3.75722848177328 -3.76289711210139 -3.77722384622983 -3.79930543388471 -3.80883214784578 -3.78616925394949 1.55579359031970 -3.71703934176272 -3.74527095999603 -3.75505232107542 -3.75220143394149 -3.72983090950416 -3.71306152727755 -3.67845429200591 -3.64012128467808 -3.59792212047664 -3.56356035915287 -3.54336099152353 -3.54540061916257 -3.57226201108448 -3.63977675959520 -3.73167321217388 -3.83632229409051 -3.94400123202257 -4.04654672517121 -4.14196701098302 -4.21367608436228 -4.25668615354710 -4.24697364941330 -4.12968824271301
 -3.69454226658026 -6.51501422092985 -6.36407607237514 -6.12049767790265 -5.92696547403223 -5.97511170259294 -6.28201322995248 -6.33193175272995 -5.27556633532122 -5.39374662304228 -5.21401657447638 -5.02631762260428 -4.43777959305025 -3.33115379513202 -4.13994176393112 -4.88372809352142 -1.30096290186166 -4.26032408796586 -3.93586278035563 -2.76037686808644 -3.36833234049247 -2.36708393988409 -3.39096117439008 -3.55634730462896 -2.41163066309730 -3.54506303270143 -2.56650958030728 -3.45453676859518 -2.50196433461362 -3.47720763753167 -2.57565189556280 -3.42872731890218 -2.69393046065942 -3.16492525313929 -3.31896010911285 -2.78018029742736 -3.49982595757968 -3.08055631316505 -3.52789061940889 -3.35724669946870 -3.74472825418785 -3.68344082054624 -3.51945738553503 -3.55431911500034 -3.52179018942777 -3.66273462329335 -3.44756877097600 -3.42796698749601 -3.57409260412877 -3.53807824188079 -3.74844425481965 -3.06683082236984 -3.71482689120070 -3.40446290083707 -3.22695685341841 -3.58987238710923 -3.12965213039179 -3.72304341999424 -3.15232957600886 -3.39634064556137 -3.25390446040262 -3.56658457368950 -3.12540577468134 -3.63187829358760 -2.81759615829239 -3.44493672836632 -3.67744933895754 -2.75167337934489 -3.43312378406129 -3.20989615836385 -3.23012546509097 -2.95975963768141 -3.20810573633562 -3.71095839353725 -2.60983960302869 -3.47315288265951 -3.32607057301365 -2.79576196859791 -3.89094990142454 -4.36578125972272
 -3.69454226658024 -5.05394417006405 -4.90622295118999 -4.52303591897009 -4.18651346605911 -4.14314739751364 -4.13733798592912 -4.08153620188380 -3.99642527005980 -3.90196526925572 -3.72346503643970 -3.54848684458891 -4.04401857369433 -4.45700848624955 -0.512937592368780 -3.96116934395308 -3.92495539959550 -3.23353473077889 -3.32997511367097 -3.35724433419426 -3.48811637364594 -3.37582346684646 -3.38108626847649 -3.46829085050095 -3.50583176563032 -3.45215063244400 -3.41230347982810 -3.51756883981973 -3.53005023845354 -3.50441824193379 -3.44248146572872 -3.47262895818369 -3.61674829734986 -3.49724472540605 -3.62275005939378 -3.58338002364413 -3.70072242476263 -3.68367043574283 -3.71048516172393 -3.83892989593480 -3.83753831335613 -3.91815626462880 -3.88457737646163 -3.85071215124557 -3.82968956473001 -3.78222288360469 -3.87821707881876 -3.80920909068530 -3.74346023656706 -3.74714035075727 -3.82035387366355 -3.70151237848694 -3.68288732860141 -3.69400659928647 -3.75170504300138 -3.66830037906678 -3.67614657079846 -3.60213432285461 -3.75248838044086 -3.56600246480745 -3.58276501775541 -3.62253214253747 -3.58277036036428 -3.50116691971981 -3.56021776269218 -3.43768272886162 -3.49770703504592 -3.52438629085010 -3.44946968207177 -3.54068483322409 -3.48312834322068 -3.44985005173101 -3.48367219180921 -3.41018460476416 -3.50746803199371 -3.47412620726482 -3.27915025742482 -4.02725868058674 -4.55845054746115 -4.87648551025570
 -3.69454226658044 -3.65297220172160 -3.50627047029774 -3.65582421254101 -3.90173156467345 -4.17325763596404 -4.48306760734401 -4.81334165938284 -5.04779450999821 -5.02391985539860 0.389552205988614 -3.66542126618039 -3.73069077760364 -3.82909899525908 -3.84861230239562 -3.89807985839389 -3.51822168538936 -3.07840094785467 -3.46046748298068 -3.90032281285219 -4.10458917707285 -4.09046204117781 -3.96537361991614 -3.90674233665664 -3.99344128973244 -0.0917041007590249 -3.78152862311948 -4.01276136334212 -4.21121659599134 -4.26917186563385 -4.20212868648185 -4.02811592435510 -3.76193851791334 -3.49124115391670 -3.29873152567085 -3.08749484472773 -3.36717907591460 -3.74816724614440 -0.274716844942667 -3.77049667394660 -4.01714107680044 -4.16902516343123 -4.16305152166110 -4.01229200767933 -1.08513508217296 -3.69498156642318 -3.96832173622622 -4.10079427658365 -4.06724513234032 -3.97609523678564 -3.92611783581636 -3.88612513588980 -3.81872190554732 -3.81711571692285 -0.806250510588884 -3.32039764780820 -3.83958774549049 -4.19870123661434 -4.36414561708536 -4.36787966835102 -4.29181653982895 -4.16454689439721 -3.99097054939491 -3.84589773791454 -3.84568509609830 -3.91870138859711 -3.96430397958218 -4.02494220826273 -4.10658092278080 -4.06260381987562 -3.95519996176505 -3.92052722951327 -3.92400658496774 -3.90711648194404 -3.84370984127176 -3.68877393169129 -3.65328387915918 -3.75952036770344 -3.86321422319724 -3.26371244208178
 -3.69454226658038 -4.40284771179415 -4.28416858872980 -4.28864413399760 -4.31716759061752 -4.34146042190784 -4.38499027310774 -4.42138661814948 -4.48866008399226 -4.54138235645723 -4.61174516683507 -4.68264452632387 -4.76987577962754 -4.85840547735720 -4.99242704696640 -5.14187618059168 -5.11287671350597 -5.04191063608219 -4.97865496072859 -4.91952423506085 -4.86346205563208 -4.80846537759637 -4.75695908993802 -4.70527552551285 -4.66247847966297 -4.61753613891368 -4.57771143376848 -4.53648092269628 -4.49505574880132 -4.45669468148568 -4.42113148208816 -4.38227554500519 -4.34772824015264 -4.31210757183959 -4.27900070418610 -4.24671604483879 -4.21265773793876 -4.17896465322990 -4.14933227880812 -4.11314962389911 -4.08153690221325 -4.04631538329261 -4.01123561723973 -3.97974071265444 -3.94549289153244 -3.90654608617743 -3.87389485133154 -3.83268678325829 -3.79744086069142 -3.75297889561303 -3.71445207765188 -3.67893789981777 -3.63309085591049 -3.58733610650102 -3.54111426400666 -3.49118026452410 -3.44070720357590 -3.38991559895143 -3.33227104844390 -3.27732954885541 -3.21089703608055 -3.14076526456329 -3.07543749103542 -2.99945245535821 -2.91927334780030 -2.82999640994977 -2.74172345213816 -2.63013328890164 -2.52701098551070 -2.39769054090116 -2.26400606269798 -2.11493979102850 -1.94332354579150 -1.74478871706396 -1.51792144657513 -1.24845030186126 -0.927999283236957 -0.503848054290748 0.0720555696550611 0.780533779603668
 -3.69454226658030 -6.21189147713839 -6.24049715968833 -6.19099327666094 -6.10918232829810 -6.00435268770494 -5.88094593858878 -5.74226935459206 -5.58920576841748 -5.41482782740336 -5.22071713883127 -5.02019448724382 -4.82385323852420 -4.61994972640341 -4.38917174928681 0.0581332659956555 -3.80740588523277 -3.76994292327781 -3.59151988945318 -3.35397698912874 -3.16817198971331 -3.15063410108939 -3.16931353972323 -3.13134826585628 -3.08918970107604 -3.13479898985779 -3.15485166767034 -3.17358209493568 -3.17782851592801 -3.19549444271039 -3.24377116827469 -3.25312806165921 -3.24758918095602 -3.19377047392225 -3.28963152740485 -3.33187747437926 -3.38102200077168 -3.43735029316069 -3.48515544914718 -3.49392272664460 -3.50395869426043 -3.50024746257580 -3.50625236959063 -3.49628399773780 -3.44821060596540 -3.45886674575912 -3.46813012500433 -3.36572957783332 -3.35580624010974 -3.40078158611929 -3.46591383717743 -3.44634749885081 -3.41331745693976 -3.39289990388523 -3.39172787080028 -3.37404833914053 -3.36501578830070 -3.35822726284727 -3.28971171471739 -3.28317544799059 -3.31373135772179 -3.30700422286516 -3.23720249504544 -3.19698764525485 -3.16478888286741 -3.21418293665089 -3.22569527174426 -3.21669307002442 -3.17369034014926 -3.24039464732798 -3.22043936265520 -3.19086547150901 -3.29009022145051 -3.25328972488493 -3.28081583986342 -3.35965661768379 -3.48966625204590 -3.65040754483337 -3.79315126566679 -3.93743231024083
 -3.69454226658036 -2.63918497728721 -3.07586263788297 2.80481337171561 3.47721395306416 -3.67509060514915 3.29846721603365 -3.67587464059978 2.99971839169505 -3.67755098968944 2.74005890722985 -3.66090173390148 2.47870444364997 -3.63327204377157 2.40747002572510 -3.68046770899126 -2.78060391047977 -3.73400066560693 -4.30037450072972 -4.22889502016020 -4.17748555515530 -4.75053599886363 -4.50879742535199 -4.33773978488828 -4.68886098847886 -4.30788984097595 -4.55635647206557 -4.41782359244607 -4.47523464647205 -4.40951717818439 -4.18564124046327 -4.31147464938841 -4.39906445705596 -4.11486117302946 -4.28695876077888 -4.32572795404810 -4.25308857532663 -4.15882574417328 -4.35980777401741 -4.63857607150732 -4.71765884440330 -4.68597561389443 -4.53875701445326 -4.47177390464466 -4.45808034437095 -4.42010957505429 -4.62543833938417 -4.58798502694666 -4.53530462940634 -4.42812134808864 -4.56070765555434 -4.53545495852158 -4.51178779879577 -4.51528256921465 -4.49975422496239 -4.49239139098413 -4.46134448393807 -4.47243833260905 -4.52834879212839 -4.45857631312445 -4.51075701249468 -4.52191048989780 -4.44920336353657 -4.41949934517671 -4.39037850502316 -4.22286446266474 -4.36484120781609 -4.51890373867871 -4.48882770924271 -4.35988782702119 -4.51382311867510 -4.47964588960785 -4.39798117667610 -4.43220146959300 -4.36418494732589 -4.54466109439761 -4.60978889067776 -4.72328100212076 -5.18828887636511 -5.61312087515398
 -3.69454226658036 -4.98782075793733 -5.11334253006624 -5.02834433514944 -3.82477079578482 -1.42183576675876 -3.86271824159810 -4.29426271179807 -4.70541682963115 -4.91654589511305 -4.93697656665844 -4.89306486696582 -4.80932704631104 -1.71095817872800 -4.30152630351055 -4.72881947950431 -4.84459321725366 -4.94032844469667 -4.95230129314729 -4.29850434217406 -2.93964318065092 -1.53948149052195 -3.35929999998251 -3.39005284395522 -3.92553140560072 -4.12683335040944 -3.88371685763136 -3.72128597633442 -3.45142752861457 -3.62803622531076 -2.52533197208696 -3.25194157787182 -3.51401270664566 -3.81211182396985 -3.87241880201661 -1.84344612399069 -2.81696633576252 -3.05445991332485 -3.60765680887619 -3.85246150921090 -3.89167468772482 -3.74237757047678 -3.50564341934289 -3.28886999819121 -3.31347358803771 -3.74299926503703 -3.97394867489116 -1.22815577098065 -3.64457557069369 -4.03954401098465 -4.36584644949470 -4.46442352804220 -4.30335567603825 -2.49853927579019 -3.54276867555286 -3.91557228672716 -4.02774494682563 -3.05656981489396 -3.75095625775254 -1.29732873580302 -3.82173582429272 -4.13067659689631 -4.32764690052460 -4.26853004803706 -3.66396347134549 -3.72680598224971 -3.73550450357650 -3.92621766758705 -3.96515923877153 -2.32265118490165 -3.47815262756982 -0.403136726319384 -3.63881364737315 -3.79411082896576 -4.02647984253737 -4.13838939533674 -4.12207210284983 -4.07200963949499 -4.03886899714425 -4.00258329350272
 -3.69454226658031 -3.69683955976406 -3.70001140233612 -3.70470562446824 -3.71193286557048 -3.71996846883918 -3.73046499447523 -3.74713038361553 -3.76443594680551 -3.78838488763029 -3.81774891654220 -3.85503638947078 -3.89582729929683 -3.93505218639772 -3.97960188606201 -4.01256188956336 -4.03528035531534 -4.05863888827597 -4.08523000458340 -4.10971798981925 -4.13026606596626 -4.14171447407136 -4.13315625485597 -4.08883992635377 -3.97423623944072 3.15268511680675 -3.71875837159694 -3.73618517524520 -3.75017204552819 -3.76338552171957 -3.77343631372971 -3.77974452831043 -3.78363296751677 -3.79066244848211 -3.79476539609241 -3.79676761436015 -3.80205218511179 -3.80649569998484 -3.81368670081417 -3.82125688022974 -3.82621051198468 -3.82937229832716 -3.83393592053707 -3.83465673689454 -3.82859782009715 -3.81630769052813 -3.77887834316259 2.34482270457307 -3.70319292636270 -3.72170731658668 -3.73001476924083 -3.73080139804547 -3.72927866412302 -3.72427897471753 -3.71509515595966 -3.70251741951792 -3.67943338603724 -3.65493403132588 -3.63741301196336 -3.60618089472868 -3.57968147104931 -3.56606357290140 -3.56411669094805 -3.56984903826496 -3.59462073042321 -3.63815973850421 -3.69574756262337 -3.77326716204208 -3.85422967954740 -3.94595527370029 -4.03979973819925 -4.12535368693058 -4.20815769670841 -4.28618773369200 -4.35415309204001 -4.40053087494758 -4.41899674798455 -4.39753180379029 -4.32426127752776 -4.15877302324843
 -3.69454226658036 -5.59159027739718 -5.64278896268035 -5.58125157611780 -5.49798909740099 -5.47939359884922 -5.47909808835170 -5.41327039235026 -5.40417062722502 -5.30214290329644 -5.20378403211127 -4.92018968881084 -4.85882199641694 -4.90714551082057 -5.02619985893966 -0.0210661560666996 -3.94919380835377 -3.52714494343898 -3.44027024871127 -2.30370318770145 -3.66485556881136 -3.21030658900798 -3.80124653697815 -2.26486860930650 -3.59010582192492 -3.76162596841640 -2.32939650344781 -3.86102211605527 -3.96628061723479 -2.07925429742612 -3.54954284018509 -3.33332332548550 -3.63132133054964 -2.31685714798893 -3.70697630383890 -3.52735209863872 -3.39296975376325 -3.01293937129876 -3.52163155383263 -3.30015394782685 -3.95112690607242 -3.83277721734571 -3.27293518448048 -3.67432479451300 -3.57532106674960 -3.73583542702060 -3.01397291425196 -3.75156142942254 -3.73480342110942 -3.26147226955124 -3.49610779084220 -3.66756539575499 -3.69293630896109 -2.93420357211379 -3.71712717886940 -3.65730125156443 -3.39121986719309 -3.74837733603934 -2.88165741376009 -3.77630158608352 -3.43062749456135 -3.39327778626131 -3.49654139948317 -3.26105593244456 -3.15556141362111 -3.54183710439329 -3.82480689187961 -2.57115589603293 -3.67440463466663 -3.19158597622371 -3.49573732116889 -2.85584720346325 -3.39230728223749 -3.77466729414169 -2.67637676121508 -3.52450801011414 -3.45810666756566 -2.68572866042474 -3.91642641670768 -4.42800151811161
 -3.69454226658036 -9.66567861598880 -9.41842147389580 -9.19213026929126 -8.96333846272155 -8.73054375945013 -8.49366412982468 -8.24497735839229 -7.97222918454395 -7.66043017832155 -7.29736190789390 -6.85997886752331 -6.28316007856114 -5.42985564326958 -3.43825982056839 -2.96921695173294 -1.49318469043600 -2.05923290286245 -2.27052796558905 -2.47417557698884 -2.59871583387510 -2.68710632293482 -2.73934186344873 -2.77177332847398 -2.82540116581575 -2.83791731579508 -2.86202392160227 -2.84972260475451 -2.82310307895281 -2.74990873863719 -2.68556920949909 -2.67025729190695 -2.67946648533927 -2.73188827859673 -2.79116047130253 -2.77412763391179 -2.69790013081485 -2.65436562143944 -2.60878941926251 -2.90734586646435 -3.71496484974911 -3.52840054110770 -3.40631313804772 -3.30232165887688 -3.26812032774476 -3.26174528223416 -3.26767487871915 -3.25830679622895 -3.21524806091863 -3.18756920037593 -3.11372258830235 -3.07432218086389 -2.96430351530267 -2.96508717886819 -3.00289637510336 -2.99458971997948 -3.02609895434471 -2.97244801815159 -3.00753100026763 -3.02206057913557 -3.01422526639203 -2.97817801797818 -2.97312670748285 -2.92091855122717 -2.80975737666351 -2.53433714187815 -2.58008209950201 -2.62242548795043 -2.63263186498246 -2.65386504119766 -2.69999721114036 -2.74263258374193 -2.80046625687648 -2.77734134681444 -2.80338968866436 -2.71510219427362 -2.65273156730655 -2.65847194242029 -2.56811593462782 -2.31009430302066
# ln_recsigma:
 1.00000000000000 1.00000000000000 1.00000000000000 1.00000000000000 1.00000000000000 1.00000000000000 1.00000000000000 1.00000000000000 1.00000000000000 1.00000000000000 1.00000000000000
# avg_F:
 -9.10244435781470
# F_devs:
 -18.4553610692162 -19.2774118971048 -19.4484077340190 -19.4575686960305 -19.4341116609024 -19.4927600307379 -19.5297422881510 -19.5267635555809 -19.5047372769643 -19.4900319517589 -19.6496771707535 -19.7751427152597 -19.8553841517860 -20.0047466337798 -20.2641587155144 6.48858998912443 4.84743818512048 4.65977780862676 4.54970483869607 4.44885200522155 4.40316010219061 4.37525966207182 4.36327438617558 4.36493041076711 4.34607160312345 4.37005130642075 4.36168400776215 4.38613338911860 4.41484589728930 4.47882992662880 4.55525356367387 4.58937062055950 4.57967030287847 4.56218596789954 4.56735056246969 4.55091967831843 4.57753967219930 4.57833496511621 4.62277912018212 4.74656126820746 4.15949938729323 4.24066625568073 4.30622731647329 4.37130137177870 4.39296277084191 4.37863162888806 4.33205273527733 4.30571988950882 4.32889882977319 4.33763271285023 4.34784489774069 4.33134541856891 4.41715940821506 4.40773105930890 4.37960560484465 4.37275786722611 4.32370403606548 4.36043187750727 4.35137865973781 4.34125581832721 4.33627466340985 4.36580709150521 4.33818780313762 4.35356684202624 4.29201454758855 4.51997255585568 4.51756425356963 4.46317399776682 4.44916322479963 4.46649306665953 4.43539876351836 4.40666097874441 4.36333059420908 4.41042001791086 4.38927906721425 4.42717296743545 4.51054695673064 4.49314287123698 4.56207363907230 4.65225423453816
# ln_fishery_q:
 3.19951582225122 2.99113886403775 -1.48165552648653 2.42812435034228 4.38690493009038 -1.02442859321567 3.16175424360883 5.35106363658005
# ln_survey_q:
 -1.68878153006969 1.61266137565797 1.56122621494682 -4.27721510579973 -2.59728809282871 1.66542366590442 -1.24518462832324 -3.06095911105237 0.384703879979982 1.47358324549939 1.99999999963897
 -3.14082642654657 0.784678760313055 1.51472338690038 -5.08104046294831 -2.30715043171830 -14.0796192061791 -1.17842087633096 -2.98046718524489 0.332870866391115 1.19015172449036 1.99999999957592
