# Number of parameters = 1057 Objective function value = 2799074.81290335  Maximum gradient component = 64.4762672168190
# ln_yr1N:
 -39.0276354474369 -68.1369235366579 10.5984331319466 -22.3014370748088 -61.9643400856653
 12.4230298251659 -24.9329535631644 -24.2491258133362 -129.714391398323 -26.4939667343828
 3.47277385865651 -50.8838219900131 -219.074556499479 -42.8335573326247 -75.3340061410665
 8.08510778005365 -35.3121996830764 -45.6945298033808 -33.7281161190113 -47.8645576799021
 10.6577659603701 10.1240272635113 -152.294908579422 -16.4883756421798 -777.994519326986
 -107.672365339214 2.57307814703611 4.99186875917473 -57.2341125897520 -67.3060452725921
 -48.4312915134529 15.1225960253998 -5.29605797377227 -228.150375158403 16.3159221935409
 -74.6986032896269 9.52399517264359 -58.5331113532466 -37.4499053080146 -35.7312567609175
 5.63801900392620 -2707.87306137203 8.88857209500729 -19.7564130097629 -46.6019463574864
 7.84094124205986 -31.0231174184424 -71.0537330916204 -29.7559657510688 -83.9775144993740
 -0.314773192139281 -42.4155380242594 -44.4101799577098 -42.5125447646032 -45.4004456158883
# recruitment_alpha:
 0.00000000000000 0.00000000000000 0.00000000000000 0.00000000000000 0.00000000000000 0.00000000000000 0.00000000000000 0.00000000000000 0.00000000000000 0.00000000000000 0.00000000000000
# recruitment_shape:
 0.00000000000000 0.00000000000000 0.00000000000000 0.00000000000000 0.00000000000000 0.00000000000000 0.00000000000000 0.00000000000000 0.00000000000000 0.00000000000000 0.00000000000000
# recruitment_beta:
 0.00000000000000 0.00000000000000 0.00000000000000 0.00000000000000 0.00000000000000 0.00000000000000 0.00000000000000 0.00000000000000 0.00000000000000 0.00000000000000 0.00000000000000
# ln_avg_recruitment:
 15.0506321690288 15.7524963978864 5.11926815085923 10.1750010332139 11.7124611666197 10.0729286165572 12.7180468450998 12.8199609822158 8.93245439117425 11.3264742073348 6.16176819481521
# recruitment_devs:
 -3.69452818055412 -3.83539312632574 -4.08179546949579 -4.32209682688711 -4.47890662269612 -4.56405248464921 -4.59864000244802 -4.58247727231358 -4.56619604157633 -4.50170363496604 -4.39291806156794 -4.21820559834056 -3.94964140607954 -3.60456015078697 -3.32168560642401 -0.573207702915153 -3.96090264251256 -4.08167657745108 -4.11611452718611 -4.13197515968123 -4.13888542021101 -4.12701106586768 -4.11362170566161 -4.08136115122568 -4.03536726769892 -4.00216688672171 -3.96629141920673 -3.92020737712702 -3.87906869092111 -3.83563454964048 -3.77497944789954 -3.72390504751335 -3.67441188697296 -3.62753278632622 -3.57257388776440 -3.49668454810224 -3.44304048059840 -3.42513913855462 -3.37672037847389 -3.32834182530390 -3.10261020594073 -3.20906726660862 -3.20525654764325 -3.19016248414144 -3.18924461561449 -3.20126662841886 -3.24843467810436 -3.25955455436405 -3.28929091110149 -3.32736187544761 -3.32258445437466 -3.33230888050669 -3.36751037801663 -3.30093638985490 -3.34100420926449 -3.35594845362563 -3.39790535560603 -3.33688518838242 -3.34743790673547 -3.38581156161153 -3.35439402837745 -3.38584785990404 -3.41790625835451 -3.44112293341615 -3.47817766339493 -3.51635143101115 -3.58226145680533 -3.63149807936403 -3.68644214577235 -3.74205101180976 -3.79337824935978 -3.85102683250576 -3.90553010709174 -3.96520629649478 -4.00494020951931 -4.02001071651521 -4.04996218739774 -4.04588611934254 -3.98994041208760 -3.88999147272379
 -3.69452818055412 -5.12914970025076 -5.14817723004418 -5.10263757826787 -5.06111668048382 -5.06759912310996 -5.10506509666380 -5.07490335680638 -4.88971495904033 -4.81965752609463 -4.68556421846037 -4.47661344663828 -4.11688983166446 -3.63494617515591 -2.48310057373290 -3.33506105985659 -3.33414978289276 -3.35073879868197 -3.28569363536562 -3.21702823382253 -3.21952953023177 -3.31046128028936 -3.41323587168660 -3.43638704170806 -3.41496752318297 -3.42865181088920 -3.43710502964981 -3.45725410217571 -3.46118679723387 -3.48964030166977 -3.50655883419821 -3.51948114024411 -3.49406171172671 -3.54731329908027 -3.55062212785596 -3.58707287152081 -3.62626930603935 -3.67429578374104 -3.73613838068907 -3.79332795279496 -3.84060979869034 -3.83764332483758 -3.79799283431768 -3.75335603978970 -3.72230438970929 -3.69299322291348 -3.65805379057034 -3.63585870897142 -3.64360629399012 -3.62677450752857 -3.60058379505143 -3.51171026461055 -3.52429345759784 -3.49572812057251 -3.44674383325943 -3.46182868823420 -3.45417627308759 -3.54120864912149 -3.50109750837410 -3.51880779887841 -3.54883889266852 -3.54339434155406 -3.52304059640388 -3.50381871656693 -3.46899035266920 -3.45918692240215 -3.44994432421606 -3.36267155116008 -3.35175335062046 -3.33974766571431 -3.28957293602126 -3.30058506199481 -3.34402504979789 -3.36472946447348 -3.30356386225496 -3.30377822857323 -3.28549369609191 -3.29807662967457 -3.47776132131654 -3.64008229059100
 -3.69452818055415 -4.05415165585451 -3.99596444762837 -3.86921472422422 -3.74128194004966 -3.70682133741581 -3.71804722806502 -3.74114933944086 -3.75411956675374 -3.75509913032228 -3.75218389592472 -3.73587649923265 -3.67879202232845 -1.95311865978978 -3.20699605894302 -3.55867973038845 -1.57364264864065 -3.63829380543111 -3.58376197172310 -3.46879036877177 -3.39428839622144 -3.40525865463606 -3.43763366121624 -3.49707035209080 -3.53978555033816 -3.58202650349438 -3.56057775194373 -3.59451220419492 -3.58950105011841 -3.60909360178696 -3.53556888118748 -3.54899818681225 -3.56192049191145 -3.60460035462665 -3.60734556112626 -3.69323767954774 -3.76641646428951 -3.85484014797532 -3.95304766302622 -4.02977841845589 -4.06767526081550 -4.06153460394062 -4.04724486942298 -4.01095353084398 -3.98481381180053 -3.97309689209723 -3.97433296640980 -3.96921580998879 -3.98528765405664 -3.96379762703234 -3.95709902810950 -3.93955882514264 -3.91572432185137 -3.89104104050518 -3.88280709999209 -3.88115046635546 -3.86466214635369 -3.85328954609398 -3.82932715575901 -3.83302111297763 -3.82014943387887 -3.78866464701312 -3.74942485373130 -3.69867020375830 -3.66459870227634 -3.64725746271536 -3.61989610790512 -3.63238911812933 -3.63372401066768 -3.64228746567658 -3.64673099743355 -3.63924324192064 -3.64402669788375 -3.64390410892089 -3.64400096063643 -3.64585372521289 -3.68676552085081 -3.78486275733318 -3.92760279890189 -3.98658460559706
 -3.69452818055418 -3.71516761797779 -3.41697976464732 -3.21494568112102 -3.15497990807369 -3.17305223755247 -3.20669658168912 -3.37761081782084 -3.56336241502266 -3.65694779977953 -2.92776881079511 -3.12054572735121 -3.34188533397305 -3.49284613247600 -1.31413964985977 -3.90783480561798 -4.22345527402270 -4.30823089466836 -4.36949713136483 -4.39357783209168 -4.40605004821782 -4.36324927706134 -4.28369543219106 -4.14701340418500 -3.92235522239064 -2.95093983892913 -2.80323224094881 -3.03506156731615 -3.35032405654049 -3.52801663338226 -3.76089643748485 -3.91988082676475 -4.01358477968263 -4.05954915866797 -4.05612715240114 -4.00760127310280 -3.92278227973627 -3.74731568761560 -2.74306226731685 -3.12923328304823 -3.33495474785967 -3.44425684543326 -3.49282007273636 -3.49513281167943 -1.12932855981001 -3.56273055949917 -3.64115697148945 -3.69418465567583 -3.69862890458157 -3.69670108132448 -3.69881439821278 -3.67497518609677 -3.60704716969985 -3.45514754141466 -2.79315499789015 -2.97527494871863 -3.38695473087595 -3.64310507445119 -3.78812414012828 -3.84594553261068 -3.91879794125711 -3.98699724114203 -4.05405081573908 -4.10591622949741 -4.15651855393740 -4.21515315181595 -4.26463957684332 -4.31490685817698 -4.34065293649127 -4.34822180166642 -4.38013263066597 -4.37843607593441 -4.37958323755243 -4.36280945770780 -4.32115654115172 -4.25910523022723 -4.18112953471510 -4.08153282644074 -3.95231022702304 -3.74977297837222
 -3.69452818055418 -3.30945891226224 -2.71914278599687 -2.62958140677379 -2.61194348113479 -2.62593001918490 -2.52720405163959 -2.54675844383103 -2.70038505255269 -2.73196096576976 -2.76692330665660 -2.95209412459446 -3.17341563328676 -3.41953336780596 -3.72554975637771 -3.95209684967039 -3.98765817900987 -4.00414556172411 -4.01396928801400 -4.02485390824071 -4.02480496114136 -4.02032826795426 -4.02252020712371 -4.01521190115172 -4.01888742507796 -4.01248062250985 -4.02138348949948 -4.01782821939349 -4.02141345037539 -4.01587664726938 -4.01969570194398 -4.01220285008763 -4.00606290193650 -4.00353615773352 -4.00447498756715 -4.00913130294689 -4.01365174077954 -4.01113462820735 -4.01639175625393 -4.01232288916551 -4.01439312667622 -4.00874127769341 -4.00440000094023 -4.00573382822041 -4.00485767780234 -4.00275525936115 -4.00105360377513 -3.99204043134029 -3.98977205905778 -3.97810967757711 -3.97905808162315 -3.97764360961420 -3.96875101599048 -3.96826488967946 -3.95834175727215 -3.96234605357371 -3.95242885606683 -3.95017163791704 -3.94238080475132 -3.93122187272438 -3.91984122187039 -3.90576280248040 -3.89577901538297 -3.87884953939069 -3.86586455716040 -3.83560945473704 -3.82118905270656 -3.78811205400046 -3.75861670957691 -3.72413497472081 -3.69012361868314 -3.63630378183169 -3.58646072029026 -3.50684473334589 -3.42554238950159 -3.32795959021830 -3.20355812794934 -3.04939169556229 -2.83877756034969 -2.85393708998478
 -3.69452818055411 -5.46041897437493 -5.57699690376237 -5.60491711902608 -5.58447972382334 -5.53003838309245 -5.44989723059033 -5.34992044995991 -5.22542869996735 -5.07085496919869 -4.88065169641291 -4.65528446254792 -4.39200828648353 -4.05142003002037 -3.73155809352705 -0.256000649181963 -3.66905269939949 -3.68004195415262 -3.66842586647332 -3.62908776327177 -3.58844441040416 -3.53092277239544 -3.48073647080266 -3.49944794306469 -3.48185839537219 -3.47305145513990 -3.45436037646592 -3.43391191537920 -3.44207054363153 -3.45345826622775 -3.46845849371159 -3.46139747040883 -3.44576890464020 -3.41906101757937 -3.43833937742797 -3.49025327428708 -3.52057500832067 -3.57804185248564 -3.55078461708126 -3.54300156686304 -3.55250662865126 -3.58737595328326 -3.54712784000430 -3.49129159864117 -3.49489720768891 -3.48788806179765 -3.48950282152114 -3.44394584926685 -3.43991120961162 -3.45231993243057 -3.45470019829394 -3.45839977419872 -3.45085563243286 -3.46310656164917 -3.39853479222851 -3.42144012448457 -3.40303209001545 -3.38642167476477 -3.36047232170423 -3.34924223639774 -3.35657571757786 -3.34269717413753 -3.31298084368884 -3.28736066421895 -3.27471799102851 -3.27512164843513 -3.27003441048815 -3.26448364265789 -3.26570042130171 -3.28764745755897 -3.29160383238931 -3.30473444920793 -3.34840474107044 -3.36633443346633 -3.40396187911077 -3.45473023419387 -3.51496817647928 -3.58527852013055 -3.63918866775769 -3.69910455008555
 -3.69452818055414 -3.52283757956927 -3.30405260330166 -2.68935659248519 -2.32558113456410 -2.97920524595219 1.01871117648527 -3.56940314581568 -3.23290556685840 -2.58189765861475 -2.07668305963801 -2.51385542188202 -2.41377758469034 -2.63471302055265 -2.50674765061742 -3.39936347133470 -2.86095663711778 -3.16676818256296 -3.34844929813674 -3.48327974957336 -3.57475422767626 -3.73379785513418 -3.76629115175284 -3.76276995527579 -3.91575902385613 -3.87581850629339 -3.84607227599668 -3.82829188231649 -3.76887270551034 -3.66507414243031 -3.55107428906027 -3.49493079252485 -3.53622072182078 -3.53946115200892 -3.57657611872457 -3.63632410712200 -3.65503771435890 -3.62449555493686 -3.62455328068857 -3.64334147017147 -4.64430246135148 -4.66411104205388 -4.52242749742606 -4.35413430203930 -4.25984902315724 -4.29051265101434 -4.29181860942747 -4.31340108736319 -4.28365143592096 -4.28202067566344 -4.29044423790149 -4.32795686002086 -4.17537665660732 -4.17253867495746 -4.13348001736570 -4.12534442303888 -4.22072588468961 -4.18116624552075 -4.22600415791543 -4.22614902097757 -4.23631645658327 -4.17818734475858 -4.20054661835385 -4.17637135337627 -4.17599226487596 -3.74631301307844 -3.77196754013332 -3.84217200881983 -3.89687817975201 -3.93730262329244 -3.96949893536308 -4.04318345492971 -4.05606901906008 -4.03722975726362 -4.09554890899158 -4.10477877429998 -4.05259871856065 -4.05113571723332 -4.02697950629064 -4.08291040140893
 -3.69452818055414 -3.90739372520143 -4.06844694056911 -4.15731493414373 -3.93072307800545 -3.88607206455996 -3.82495902756038 -3.90387888598122 -4.03927628782102 -4.13710569875771 -4.19955127564146 -4.18920903711875 -4.05940016911451 -3.69605943188075 -3.75052410277510 -4.32342816250478 -4.59129129555127 -4.69840634379471 -4.70508411044810 -4.54445551659067 -4.18258050886625 -3.97492158751561 -3.87520062134044 -3.67131640400656 -3.56590471689666 -3.65174373791816 -3.76784384961456 -3.91528482518303 -4.01522530381459 -4.06025402484146 -3.99028500601729 -4.01473701082507 -4.00716615010191 -3.97054392343894 -3.85885208212125 -3.54623760857620 -3.47008666514014 -3.49601500748493 -3.57950385408374 -3.59977555192442 -3.61813768448285 -3.62339941814774 -3.62877905547342 -3.63803245090479 -3.63466592211834 -3.62912712760774 -3.60631562164394 -2.65550694436331 -3.01624400947260 -3.19999350588191 -3.37989501787505 -3.46719243028975 -3.42616619985471 -3.20128395566292 -3.53079591851200 -3.64733183400951 -3.67985735467168 -3.46870687804012 -3.45144395246814 -2.74925982708058 -3.31095743799112 -3.48409572919325 -3.58794236711142 -3.65431793102163 -3.64502240793582 -3.75275740428226 -3.82805197164156 -3.85711990484442 -3.77747926730338 -3.48318259475884 -3.33118950964100 -2.94550825624656 -3.34348999841710 -1.16582374821560 -3.45315861005609 -3.48582545268032 -3.55537081317253 -3.65797896167927 -3.73598862223365 -3.76213162737944
 -3.69452818055407 -3.74123554066630 -3.79067489144915 -3.80135593992764 -3.82063345624912 -3.79742452940337 -3.74131899320906 -0.190468872915911 -3.64815842514251 -3.69104417594201 -3.72284272054687 -3.74533589060378 -3.77072157422860 -3.80833161195899 -3.81102819676111 -3.83136691260876 -3.83267828463305 -3.81624124533828 -3.81361181855124 -3.80103992610170 -3.79679300729597 -3.77343396392052 -3.76499156258737 -3.74856378216055 -3.73434516362581 -3.77116233172583 -3.71119859617979 -3.70243639390803 -3.69570417411494 -3.68900693427912 -3.67999223182384 -3.67711836039267 -3.66878356383350 -3.65838364218899 -3.64940330558057 -3.63976601387252 -3.63338607062175 -3.63074818654813 -3.61899430416271 -3.61805748363551 -3.61062836861834 -3.59417885200504 -3.59026605159553 -3.57057474672245 -3.56759074233091 -3.55219501651909 -3.54391813044126 -3.60962733946331 -3.53352937165197 -3.52324224863605 -3.53170921193668 -3.54463281375803 -3.55318423135220 -3.56248460266368 -3.57859112802195 -3.58123905440524 -3.58873467028727 -3.60399430579422 -3.61508731976395 -3.62652204115311 -3.64749801674545 -3.66614161669962 -3.69837990186508 -3.72788413197676 -3.75759266087762 -3.80360398249609 -3.84723572851944 -3.87559413764671 -3.91484172059824 -3.96353024887600 -4.00751312346747 -4.02793126129883 -4.06580316025079 -4.08806688970411 -4.11107508087329 -4.11781829151019 -4.11046850538544 -4.06603286642783 -3.99979600022121 -3.88660410174620
 -3.69452818055414 -4.56343657648385 -4.58251389291895 -4.52349198099021 -4.51744941920255 -4.54336828362992 -4.58040996992240 -4.60249597507475 -4.61007741713592 -4.61321210120675 -4.60247538522860 -4.51582620789714 -4.32911018440889 -4.05035625318638 -3.61604492515606 -1.26704635464120 -3.62950435598705 -3.57238796400926 -3.45207485176156 -3.38426244223551 -3.38421335202449 -3.39277072889287 -3.42079765613037 -3.39735894723455 -3.43057628821290 -3.48320617006053 -3.47517625056680 -3.53874496810437 -3.51066641210122 -3.45957509584044 -3.46517700420386 -3.47301860291693 -3.43557440919620 -3.44837758178148 -3.52436178934084 -3.58296453422789 -3.63455280652798 -3.64551895092209 -3.70723925215833 -3.75458269813726 -3.81970515062156 -3.80854486096675 -3.76543781987456 -3.75619166543275 -3.72777324106190 -3.68454188206974 -3.66968461388823 -3.70105624706746 -3.71736385588133 -3.68905551165051 -3.70307726654870 -3.69797832739623 -3.67993993677079 -3.63613569416394 -3.66208882769909 -3.67120661407380 -3.64172509493313 -3.61820956225829 -3.58687028715062 -3.64292228647316 -3.62445439921106 -3.62383783833815 -3.61461377344025 -3.57785788020865 -3.59387257010933 -3.50955686137135 -3.53883235376578 -3.49072213726602 -3.48077314503310 -3.45719263284565 -3.47654283085050 -3.46147369592309 -3.45940059701383 -3.45756028992569 -3.45345424017056 -3.41407946305903 -3.39399916135283 -3.41142610199157 -3.53225666771606 -3.70544721362074
 -3.69452818055414 -6.96015198487816 -6.97756473064174 -6.96334483960890 -6.92107382511443 -6.85939456493358 -6.78558760249977 -6.69980657069804 -6.60011919429781 -6.47058151270910 -6.29838764524574 -6.07393192165838 -5.76003015012473 -5.26452283810871 -4.16624896904091 -0.983651555903602 -2.13891185242681 -2.43815867289413 -2.58556598689007 -2.72511566728285 -2.84581595735884 -2.92852747436151 -2.98159681553754 -3.03057015021305 -3.10359868280006 -3.13335408235837 -3.15390325312265 -3.16780155030615 -3.18361758535956 -3.17722775572231 -3.14112305040398 -3.10474995996755 -3.09409511112108 -3.11209476247299 -3.13415868700691 -3.14509983519420 -3.16526522745356 -3.23213718540409 -3.35077699556645 -3.53722146365176 -3.69282058869434 -3.66744183101473 -3.63379270522460 -3.57832071786820 -3.52284227581485 -3.47556930567716 -3.44427215068456 -3.43342811403556 -3.42231026424882 -3.40154716545115 -3.36616836215002 -3.36386264154484 -3.33441658390309 -3.30867644981780 -3.29491581194849 -3.28345726049633 -3.29424212395356 -3.28287495885145 -3.28809623226506 -3.28151121541454 -3.26755155519177 -3.23212648641408 -3.20523157972887 -3.15805661545060 -3.08991695488067 -3.02291051600538 -2.99526865565148 -2.99781280909497 -3.03304404360941 -3.04662185701738 -3.06347034264150 -3.07820058906399 -3.10044387487945 -3.10469841069697 -3.12274300013045 -3.09735020687567 -3.05709486658426 -2.99586421101846 -2.88185024659425 -2.55165848103471
# ln_recsigma:
 1.00000000000000 1.00000000000000 1.00000000000000 1.00000000000000 1.00000000000000 1.00000000000000 1.00000000000000 1.00000000000000 1.00000000000000 1.00000000000000 1.00000000000000
# avg_F:
 -9.49063618238746
# F_devs:
 -18.4699441857047 -19.2830858378308 -19.4704991200341 -19.5510789949767 -19.5922998489441 -19.6167180321145 -19.6356766367669 -19.6579984927445 -19.6679638967430 -19.6668763542982 -19.6823538717289 -19.7225724037105 -19.7801705641277 -19.8849293570304 -20.1209005008370 6.18712172357775 5.21297254086684 5.06030938372720 4.90912707067464 4.81127007149085 4.70036041092004 4.65449089134459 4.59220217081960 4.56514748716304 4.48952358096250 4.51041086849654 4.55838410684647 4.58177028328340 4.56390593911878 4.65043952913464 4.76767402785285 4.79414680864611 4.77441900554291 4.75223297100410 4.72386592882555 4.68104296809084 4.70305334738173 4.69223056308001 4.70475369453050 4.71611902160178 3.94903613910732 3.98648825389508 4.06098775721036 4.18208158494439 4.22445402764590 4.22105199852083 4.17812257408937 4.15219055932645 4.16598864726009 4.19118926155318 4.19886927122548 4.17670836493007 4.26034450444248 4.31184092608796 4.28076037131964 4.26488220227871 4.23424898985740 4.24813823624100 4.23283630772983 4.20722019686602 4.23673594261783 4.27461550499913 4.23856491085542 4.23568071110216 4.22676986079294 4.58327000197564 4.57720533962073 4.51154841778684 4.45038758765638 4.46294330157995 4.41965062506902 4.40276982084155 4.37511284250413 4.36428791135525 4.29431360645714 4.30155281303004 4.37221504595956 4.37609385632496 4.38095329267338 4.40765968543586
# ln_fishery_q:
 -0.350935528987368 3.19384188022402 -0.262267750017740 1.62568519850202 6.71160784642934 -0.0487525156573510 2.24045844393678 3.79917810043444
# ln_survey_q:
 -2.17710837288917 -2.17101369463444 1.37778620170336 -2.64897827682935 -3.50300741678649 0.482904683708131 0.207208797662386 -1.96200201079451 1.62673647131634 0.215197452172280 1.99999996932364
 -3.67060982934811 -3.00310879732043 1.33124864175300 -2.61057677556849 -3.21318169004516 -14.0786025754700 0.298929578399447 -2.00206951293838 1.57293764752575 0.0184259748181645 1.99999996655381
