# Number of parameters = 1057 Objective function value = 2799024.35852055  Maximum gradient component = 0.0228226732741888
# ln_yr1N:
 -39.0276354463388 -68.1369235366579 10.5991593581269 -22.3014370734635 -61.9643400856653
 12.4249701256575 -24.9329535631337 -24.2491258131056 -129.714391398323 -26.4939141201269
 3.47019402683260 -50.8838219900131 -219.074556499479 -42.8335573326247 -75.3340061410665
 8.08668264142897 -35.3121996830764 -45.6945298033808 -33.7280944604121 -47.8645576799020
 10.6558229716044 10.1203142357409 -152.294908579422 -16.4883755843882 -777.994519326986
 -107.672365339214 2.59388779942537 4.99651965367791 -57.2341125897520 -67.3060452725921
 -48.4312915134528 15.1270819882210 -5.29595658145252 -228.150375158403 16.3179350188496
 -74.6986032896269 9.52700139977155 -58.5331113532466 -37.4499049659892 -35.7312567590993
 7.39799772102468 -2707.87306137203 10.7227916476882 -19.7564129790477 -46.6019463574850
 7.82301783679986 -31.0231174184411 -71.0537330916204 -29.7553556404824 -83.9775144993740
 -0.315803640755797 -42.4155380242594 -44.4101799577098 -42.5125447646032 -45.4004456158883
# recruitment_alpha:
 0.00000000000000 0.00000000000000 0.00000000000000 0.00000000000000 0.00000000000000 0.00000000000000 0.00000000000000 0.00000000000000 0.00000000000000 0.00000000000000 0.00000000000000
# recruitment_shape:
 0.00000000000000 0.00000000000000 0.00000000000000 0.00000000000000 0.00000000000000 0.00000000000000 0.00000000000000 0.00000000000000 0.00000000000000 0.00000000000000 0.00000000000000
# recruitment_beta:
 0.00000000000000 0.00000000000000 0.00000000000000 0.00000000000000 0.00000000000000 0.00000000000000 0.00000000000000 0.00000000000000 0.00000000000000 0.00000000000000 0.00000000000000
# ln_avg_recruitment:
 15.0518459097225 15.7535447044203 5.11914916011283 10.1760551438080 11.7124658668613 10.0753983937601 12.7170305162461 12.8208530579713 10.7655257732643 11.3146943525983 6.16211079263162
# recruitment_devs:
 -3.69452804946340 -3.83515204277125 -4.07765421023123 -4.34156415393137 -4.47427571122641 -4.55524024358957 -4.58972594209732 -4.59047698333670 -4.56994396131948 -4.50533349108508 -4.39343467211464 -4.21757571423744 -3.95263284341327 -3.59734990099311 -3.32205228768574 -0.575267049697034 -3.96989820554752 -4.08774823374305 -4.13009657712410 -4.14248307845533 -4.13743101509306 -4.12243780326080 -4.09939294098533 -4.07093587205836 -4.03863164662170 -4.00312949413899 -3.96326793202711 -3.92093862942247 -3.87608429310002 -3.82830875514709 -3.77719450846684 -3.72346541706989 -3.66781911905612 -3.61344456380101 -3.56042035770596 -3.50744510723169 -3.45387123886739 -3.40088256613397 -3.35248627702846 -3.30303372310990 -3.25523800582058 -3.21648308445022 -3.19005971687705 -3.17992438707107 -3.18027379762575 -3.20523781759964 -3.23624321184748 -3.26779872485027 -3.29385155992407 -3.31277918839016 -3.32433698704571 -3.33007299330511 -3.33151219481494 -3.33304488918754 -3.33764126427014 -3.34079618774067 -3.34314042225815 -3.34737425749144 -3.35446795257553 -3.36576708871709 -3.37905621177205 -3.39469087472405 -3.41721967736631 -3.44906648572153 -3.48712054316547 -3.53059891451057 -3.57746211731111 -3.62797094523014 -3.68245738949958 -3.73918527237247 -3.79626327659742 -3.85238856610699 -3.90651414790976 -3.95655993129659 -3.99822091531322 -4.02761059562173 -4.04061575705248 -4.03082347893461 -3.98774356572352 -3.89157769267940
 -3.69452804946340 -5.12922541179898 -5.14933475101487 -5.10233571608131 -5.06316268891386 -5.06560313979666 -5.10521600783580 -5.07582482343369 -4.88930653344723 -4.81873039190293 -4.68715002322604 -4.47590919336725 -4.11766015675211 -3.64381793270225 -2.48299205134130 -3.32143342884221 -3.32771274944157 -3.35422783253578 -3.30001586604322 -3.22244688211085 -3.21885816286043 -3.29529622832432 -3.39795817122589 -3.44996977901237 -3.42033194098443 -3.43060656392497 -3.43065767861925 -3.45372344467432 -3.47083952083781 -3.49899851972888 -3.50061986695846 -3.51190377513282 -3.51686642893626 -3.53375304367474 -3.55583426925962 -3.57297067749206 -3.62817516044535 -3.67703343537122 -3.74356608549570 -3.78807115227061 -3.84098824173106 -3.83381533251643 -3.79561352970637 -3.75803266860903 -3.72371409116250 -3.69606589337614 -3.65220864429273 -3.63672998555410 -3.64427988496737 -3.63027293308099 -3.59475169508340 -3.52429599054881 -3.52803645654768 -3.48062961637060 -3.44737448379207 -3.46007034957018 -3.47006546265889 -3.52513096829505 -3.50944763074912 -3.52157336169171 -3.53831708130101 -3.55736061812532 -3.52317093691373 -3.50493665055670 -3.45591732006018 -3.46253470463998 -3.45350369126757 -3.36486713273258 -3.35067197776992 -3.34242077559621 -3.30647511957168 -3.29106287244376 -3.32536421054395 -3.36755861636623 -3.30857211044994 -3.31336043437492 -3.28727580095900 -3.29131531634461 -3.46324987679474 -3.65854363210917
 -3.69452804946340 -4.04466219925679 -3.99298755530087 -3.86720816256516 -3.75080497702711 -3.70604984136900 -3.71099223001350 -3.73485812102561 -3.75420135129504 -3.75578290186436 -3.75384618569035 -3.73981927838001 -3.68068043733272 -1.96545037540832 -3.18134552784554 -3.56488744333106 -1.56909652232536 -3.64224216638897 -3.58604277413964 -3.46855142360252 -3.40249300304993 -3.40715713475966 -3.44350466089061 -3.49060747328558 -3.53176842133589 -3.55991526017114 -3.57867658305597 -3.59348274687717 -3.60266976332120 -3.59198180753514 -3.56196447059111 -3.54036486256221 -3.55130940116694 -3.58311422182605 -3.63001794607638 -3.69038503491682 -3.76743691733489 -3.85689995364398 -3.94851010672854 -4.02328808821595 -4.07071560791692 -4.06747999137963 -4.04549025012332 -4.01277246224746 -3.98580577868633 -3.97138900197685 -3.97270263631496 -3.97826820013310 -3.97880683370575 -3.96940452747562 -3.95450073965689 -3.93649432886748 -3.91579871145955 -3.89694123124670 -3.88353394062015 -3.87462606559096 -3.86528508505065 -3.85061176468612 -3.84166407446939 -3.83457499268781 -3.81558898809434 -3.78174824675194 -3.74530762116530 -3.70532064326400 -3.66772900643026 -3.64281808125282 -3.62751744705474 -3.62621297321703 -3.63257028749418 -3.64143511220675 -3.64831974566629 -3.64579452124435 -3.64098015145938 -3.64232950457185 -3.64599680958504 -3.64917875556808 -3.68188102892479 -3.78668647424186 -3.92728684499223 -3.98109111021287
 -3.69452804946339 -3.71649510668771 -3.42658952853014 -3.21890611201094 -3.15583638070619 -3.17429119664541 -3.20357554471147 -3.37167959275302 -3.56206358404799 -3.62542391617828 -2.96684468904739 -3.09789226955780 -3.33661594918341 -3.49489728865999 -1.31739478117408 -3.91256630921044 -4.19764815809266 -4.31207522091039 -4.36723916883958 -4.39921867169114 -4.40487225722229 -4.36622721523923 -4.28347333207715 -4.14969046248443 -3.91925964559972 -2.97082224211556 -2.77911881054480 -3.03723023191418 -3.35410612163244 -3.55439587833261 -3.75701005081822 -3.92157235155955 -4.01985314109624 -4.06515711960754 -4.06392260825415 -4.01669101296218 -3.92589834635303 -3.75066954426865 -2.76370644399947 -3.10501181598670 -3.32073058736694 -3.44300303383572 -3.46326482428525 -3.48893077943343 -1.13567049192020 -3.56726632029160 -3.64405697439607 -3.68745619665629 -3.69305511686469 -3.69248049583314 -3.69603028583636 -3.67438138704012 -3.59944537191797 -3.44253307013555 -2.84569517763746 -2.94741225270210 -3.39138439209638 -3.64682245920557 -3.77982051532525 -3.85105879273736 -3.92061753707300 -3.99194741621334 -4.05435595256315 -4.11059545516467 -4.16582123116499 -4.21683671228821 -4.25977885012571 -4.30140723411018 -4.33990354447833 -4.36031252428741 -4.36956889738259 -4.37677081674606 -4.37759828670921 -4.36333417360720 -4.32834547739031 -4.26711331574852 -4.18603298399270 -4.08410561205664 -3.96051206107527 -3.75631662475799
 -3.69452804946339 -3.27867113060747 -2.73518268283087 -2.62335361834332 -2.60301892893184 -2.61252622354858 -2.53434610369127 -2.55873837499948 -2.69351449146782 -2.73207038517512 -2.78288172379877 -2.94310592186913 -3.17229147460898 -3.42815261640344 -3.72370405824873 -3.95470053003884 -3.99006491493817 -4.00408278248423 -4.01706115648899 -4.02547202294505 -4.02573361990679 -4.02320011626607 -4.02153538061296 -4.01891227933246 -4.01764403410784 -4.01603633221974 -4.01981499805767 -4.02123875094411 -4.02024417346246 -4.01907557012925 -4.01944606500309 -4.01341405934926 -4.00763784457675 -4.00461706761507 -4.00580866513875 -4.01033909439477 -4.01350388966099 -4.01415390383863 -4.01577083107855 -4.01510320475407 -4.01414214455142 -4.00966395995825 -4.00587241958235 -4.00593933883892 -4.00616155420191 -4.00311613249304 -4.00134825828749 -3.99498377067015 -3.98885507663039 -3.98002489639802 -3.97867773848458 -3.97816282519284 -3.97177553736684 -3.96631468268437 -3.96299016561859 -3.95956696672580 -3.95527618548673 -3.95180658404788 -3.94210739433763 -3.93306083376975 -3.91983781116003 -3.90578779718608 -3.89671680148599 -3.88129811477498 -3.86298822649931 -3.84052573296498 -3.81879457781600 -3.78800152419173 -3.76158245254150 -3.72492212870113 -3.68722686673445 -3.64211570784724 -3.58335191987142 -3.51052535412088 -3.42634660522841 -3.32562627499288 -3.20688993482266 -3.04330042344057 -2.83643301285462 -2.85942670673599
 -3.69452804946340 -5.45870753135532 -5.57577297586869 -5.60382156004606 -5.58301115233093 -5.52888747718632 -5.44899828757847 -5.34810994857894 -5.22408710075880 -5.07059454766905 -4.88090328370671 -4.65368459587813 -4.38134528204198 -4.05870673318156 -3.72675078679198 -0.255884386663615 -3.66509431381305 -3.68742721004430 -3.66636996749818 -3.62606832541188 -3.57845687847391 -3.54440598381081 -3.51510946004673 -3.48547620332162 -3.46218669412618 -3.46047261550414 -3.46028353815701 -3.45832351399163 -3.45793016179650 -3.45695450875499 -3.45615170862143 -3.45004850823491 -3.44104831489085 -3.42968336096719 -3.46065384763922 -3.48624118003167 -3.51259245044042 -3.53696049428954 -3.55366971964014 -3.56364665076856 -3.55970945714677 -3.54806173840182 -3.54054950982953 -3.51990934464841 -3.49456035229635 -3.48456030739665 -3.47643025867991 -3.44619308353610 -3.44802407902421 -3.45872384934291 -3.47075950175757 -3.45981121517279 -3.45313416525277 -3.43262500827417 -3.42054835982771 -3.40969918857092 -3.39880965474726 -3.38759199763156 -3.36674803225790 -3.35579962136971 -3.35676848714220 -3.34182450944086 -3.31135147090568 -3.28798729075031 -3.27235816676125 -3.26937791163107 -3.26338945990446 -3.25776501376665 -3.26171840033913 -3.28652710778781 -3.29216753006418 -3.30660414394672 -3.34837001062048 -3.37142106785770 -3.40578902074201 -3.45690072772032 -3.51482985611539 -3.58021002875405 -3.63817584164813 -3.69741361668887
 -3.69452804946340 -3.52935197152157 -3.30490720299292 -2.68898064119362 -2.33445619993887 -2.97957054802338 0.960802752438853 -3.55749023894171 -3.20143688845433 -2.77790597792114 -1.40609935067656 -3.01769768330536 -2.39002871903649 -2.64371593105883 -2.48969528991306 -3.40555890105812 -2.86001407537322 -3.16610060691170 -3.34762294930032 -3.48314821094352 -3.57450860094709 -3.73319859208314 -3.76573723027040 -3.76246414107532 -3.91488428592047 -3.87540975449911 -3.84606418991951 -3.82846980180254 -3.76886795132769 -3.66484914569026 -3.55070354717947 -3.49365300639213 -3.53507324789971 -3.53844101502910 -3.57587260662118 -3.63537494390190 -3.65407474190490 -3.62336786557798 -3.62294927237172 -3.64161005394198 -4.64296827560259 -4.66310945898223 -4.52135120193195 -4.35321040823913 -4.25884579339429 -4.29074695487678 -4.29120689281757 -4.31351598521553 -4.28326713637049 -4.28157175891071 -4.28944808152439 -4.32774407309283 -4.17420636583013 -4.17158397618650 -4.13215102153069 -4.12387276823916 -4.21950297052569 -4.18024051337569 -4.22567967112485 -4.22500918149005 -4.23554081019768 -4.17765442523777 -4.19964404325883 -4.17561418376275 -4.17465100147810 -3.74530990292017 -3.77088219817285 -3.84138658109701 -3.89628641786768 -3.93725582962661 -3.96940668785968 -4.04297533250391 -4.05547308492206 -4.03627063519055 -4.09499774485069 -4.10444872370442 -4.05185414798305 -4.05062244407388 -4.02661579818542 -4.08304085549235
 -3.69452804946340 -3.90921944640226 -4.06704413310662 -4.15604632460438 -3.93078070535815 -3.88562531564136 -3.81570283502560 -3.90378555624230 -4.04025814984862 -4.13831623510989 -4.19795436091559 -4.18842008761854 -4.05548619644358 -3.71032008646083 -3.74959428102830 -4.30786265173621 -4.59443811589855 -4.69854399593241 -4.70478440944912 -4.54182338016890 -4.18319046966644 -3.98225775608245 -3.86876388215672 -3.66958125803909 -3.57639685462424 -3.64067895421409 -3.76657799521977 -3.91410135853273 -4.00930796955925 -4.05282957943091 -3.99676223725839 -4.01606397755140 -4.00784768320115 -3.98046989776040 -3.85470934227637 -3.54642705676117 -3.47839583327327 -3.49955272727198 -3.56866335809393 -3.60289538119337 -3.61511707670056 -3.62033180383224 -3.63035356489671 -3.63332751956149 -3.63085648769445 -3.63368749768226 -3.56435391437833 -2.68275605869079 -3.00191396279321 -3.19961849276191 -3.39735210484772 -3.46476344894109 -3.42845311900545 -3.20192367799303 -3.51725875434763 -3.64758561696851 -3.67367555364326 -3.49345453864967 -3.44481586656267 -2.75682886421057 -3.29048220093562 -3.47503711879029 -3.61074448106391 -3.64933023671268 -3.64085637750572 -3.75252847658247 -3.82368086844540 -3.85072880298954 -3.78092313219570 -3.45545880226697 -3.33570654239009 -2.98357426949021 -3.34840552499795 -1.15782733593596 -3.45818575464064 -3.48644278930278 -3.55730111831556 -3.65883392469071 -3.73839408823819 -3.76336784829771
 -3.69452804946339 -3.74137376009544 -3.78205564604573 -3.80365400453432 -3.81390403379952 -3.79762845729238 -3.73301473046510 -0.190037083982007 -3.64887062885307 -3.69007463389322 -3.72306686912608 -3.75167962725250 -3.77678073838203 -3.80064289849472 -3.82086076610108 -3.83276355043017 -3.83300278488249 -3.82719293262168 -3.81845575977526 -3.80773885319321 -3.79494131811092 -3.78069127795438 -3.76602420079816 -3.75142055513998 -3.73682330361956 -3.72372548956533 -3.71213248258478 -3.70346957595030 -3.69878965031854 -3.69527289792398 -3.68906488040289 -3.68146850123005 -3.67427675030880 -3.66748291822931 -3.65857086185014 -3.64869158307467 -3.64050696690825 -3.63283997579667 -3.62486822011761 -3.61866546646159 -3.61243406638837 -3.60243014089032 -3.59176219063363 -3.58022920467610 -3.56737669078051 -3.55637041401746 -3.54796923549763 -3.54049192096500 -3.53447050723127 -3.52907167882697 -3.52995745273870 -3.53852290789637 -3.55164447807080 -3.56356371306623 -3.57422042845338 -3.58330145818892 -3.59178386121695 -3.60037081142037 -3.61042021685864 -3.62416190352404 -3.64285424427987 -3.66602387296252 -3.69376232221087 -3.72401846486746 -3.75845737267153 -3.79566013135710 -3.83582197556654 -3.87664798256417 -3.91720525497259 -3.95821223754809 -3.99747627268508 -4.03345467197479 -4.06481942908711 -4.09081248635269 -4.10855476689566 -4.11461075886271 -4.10300147680152 -4.06864611176847 -4.00337522496375 -3.89122063775291
 -3.69452804946340 -4.57925517205393 -4.57246972037764 -4.53849485473583 -4.52417517234004 -4.54822148541281 -4.58007769334581 -4.60485290154069 -4.62237547732325 -4.61770698414379 -4.60600291724493 -4.51959156950833 -4.34129983588790 -4.05585222140775 -3.63238437761860 -1.25759259415185 -3.63105792160398 -3.57131071839740 -3.45473377730630 -3.38164724854538 -3.37631215394471 -3.38474316674008 -3.41534656427986 -3.40066102931380 -3.43172526329551 -3.47545179944923 -3.48123664156047 -3.53092112701298 -3.51451497458959 -3.45775903069022 -3.45325689014150 -3.45920395417009 -3.43762287859548 -3.44992558486513 -3.51870338796246 -3.58369998659081 -3.62076812508200 -3.65063490149323 -3.69982980228578 -3.75588535527434 -3.82228938102065 -3.80574305900284 -3.76878563161028 -3.74971192875673 -3.72037609084483 -3.69161508036575 -3.66998058703687 -3.70089403628559 -3.71071994305485 -3.69734247832712 -3.70078263429990 -3.70244517512165 -3.67208489911215 -3.64491823966082 -3.66243041137216 -3.66168826431967 -3.63547706783137 -3.61422575559252 -3.59906108041171 -3.63326372587633 -3.63275779948294 -3.62880117973925 -3.61317944912699 -3.58220493324481 -3.56159643214917 -3.55055359709952 -3.51729156947983 -3.47294889470899 -3.48175375102758 -3.47700361238057 -3.47165700600953 -3.45723427391176 -3.45571960267992 -3.47034487587743 -3.43893392777516 -3.42431894771885 -3.39411296080033 -3.40214908288909 -3.52399357275099 -3.71001582235324
 -3.69452804946340 -6.96117125634126 -6.97965246870885 -6.96424727449634 -6.92181016687797 -6.86052719648839 -6.78702625238642 -6.70166479836062 -6.60147947577212 -6.47169550827120 -6.29942039424972 -6.07501328089339 -5.76095218494046 -5.26590579337790 -4.16653565216899 -0.984442943271235 -2.13592152697909 -2.43877688290883 -2.58630024513677 -2.72525091644658 -2.84376997608503 -2.93026208836179 -2.98069739376945 -3.02911288899360 -3.10256615573775 -3.13226348596508 -3.15353176403385 -3.16747870379368 -3.18448997577830 -3.17776338121099 -3.14097813305484 -3.10377253274475 -3.09374701526415 -3.11145183352215 -3.13440671694951 -3.14512021377638 -3.16526734467980 -3.23161429763031 -3.35022054139307 -3.53660945883584 -3.69295527923685 -3.66687240024262 -3.63286120927091 -3.57782723910608 -3.52336812561957 -3.47573710679401 -3.44480648195940 -3.43397363982898 -3.42219501970933 -3.40161660710305 -3.36647343818753 -3.36388908138471 -3.33402976671474 -3.30828984701522 -3.29485823504021 -3.28333964633601 -3.29429810508483 -3.28297039883110 -3.28807763436811 -3.28170514736279 -3.26773258722379 -3.23208763729451 -3.20478578806437 -3.15807942227548 -3.08966090232542 -3.02225944255200 -2.99522810414688 -2.99757684950211 -3.03286374529476 -3.04649749340881 -3.06385443815060 -3.07793693011539 -3.10036099358033 -3.10480751423622 -3.12260736735933 -3.09714861838916 -3.05640890375020 -2.99731546359003 -2.87916538661840 -2.54827575590451
# ln_recsigma:
 1.00000000000000 1.00000000000000 1.00000000000000 1.00000000000000 1.00000000000000 1.00000000000000 1.00000000000000 1.00000000000000 1.00000000000000 1.00000000000000 1.00000000000000
# avg_F:
 -9.49111012909482
# F_devs:
 -18.4706569644894 -19.2837954831216 -19.4711847383115 -19.5514677791815 -19.5929829895398 -19.6171106416248 -19.6360133002540 -19.6578706936729 -19.6672625538456 -19.6660990333519 -19.6814321515968 -19.7228583057411 -19.7812072786995 -19.8856200620740 -20.1206981147774 6.18722429516400 5.21325336917908 5.06013200709969 4.90895592356905 4.81097517351397 4.70015193551473 4.65419226723538 4.59210217060580 4.56482923618655 4.48961937322256 4.51020186034467 4.55824087526652 4.58134667969190 4.56363358656338 4.65008454063045 4.76768386879650 4.79436182431272 4.77464055709808 4.75197522623650 4.72353165041929 4.68089245661667 4.70314532891611 4.69234022866851 4.70520542420858 4.71649030016716 3.94940256294749 3.98683813232664 4.06113433725415 4.18212900772618 4.22445507328061 4.22088168602943 4.17801399557300 4.15197778852910 4.16594615167521 4.19121497362087 4.19889555431590 4.17686394252978 4.26053830100400 4.31193814670504 4.28104034550110 4.26528595021439 4.23446339460185 4.24808364981468 4.23284612534354 4.20731800267135 4.23680122839383 4.27475297050725 4.23876594140514 4.23614729178874 4.22698089632075 4.58378815098441 4.57755335310322 4.51182597058370 4.45031047560559 4.46284658667549 4.41940093651211 4.40261737489671 4.37535807703969 4.36477147654166 4.29438941314012 4.30166457046350 4.37245059049504 4.37632947553595 4.38095209947692 4.40727953680869
# ln_fishery_q:
 -0.351310119241618 3.19629284500410 -0.261484505793182 1.62166370083450 6.71173090798894 -0.0498255799349033 2.25988211474666 3.80028530827175
# ln_survey_q:
 -2.17751592419430 -2.17229083932978 1.37978695613653 -2.64903970241107 -3.50207265969039 0.478459566458294 0.206657942892971 -1.96382574928691 -0.208396816752336 0.233980284194210 1.99999999998151
 -3.67095144094031 -3.00424433280033 1.33330889719960 -2.61058814932187 -3.21193031091454 -14.0781911170175 0.298267590043295 -2.00380365714921 -0.261756536756758 0.0372571469816254 1.99999999997121
