# Number of parameters = 722 Objective function value = 41897206.4871888  Maximum gradient component = 0.00261504178615724
# ln_yr1N:
 -236.032337510826 55.6121568436750 -119.249120353167 -258.093064388356 -121.483616591314
 -24.5915169627302 -187.494105233923 43.8118116849117 43.8109032250619 10.8732402503795
 -123.814900129663 47.1290078745618 57.6615014601008 55.5135912385935 -44373.2143826978
 -44.2915633937318 -5.32052062767618 83158.4968336101 53692.8964111158 -5.85448016395098
 -93.5356905503010 58.4424147236668 206132.185647905 57.7036592370900 -66.9304216204493
 -238.084208500091 93397.3356049604 -19981.4588433405 -287.330094611950 -289.712940509365
 -327.228218313157 55.7660744421645 55.2298188673187 -160.816945794303 -12.6968103013934
 4.57331757449253 54.7868006978136 25.1958134820291 24.9840277423946 -500.247051788366
 -199.816608343004 57.6729946388839 19.5063415797018 -566.717029381594 -15.3166610839412
 56.3837438162885 83449.0768413144 -414.181436880008 -394.711633920914 -177.290841054633
# recruitment_alpha:
 0.00000000000000 0.00000000000000 0.00000000000000 0.00000000000000 0.00000000000000 0.00000000000000 0.00000000000000 0.00000000000000 0.00000000000000 0.00000000000000
# recruitment_shape:
 0.00000000000000 0.00000000000000 0.00000000000000 0.00000000000000 0.00000000000000 0.00000000000000 0.00000000000000 0.00000000000000 0.00000000000000 0.00000000000000
# recruitment_beta:
 0.00000000000000 0.00000000000000 0.00000000000000 0.00000000000000 0.00000000000000 0.00000000000000 0.00000000000000 0.00000000000000 0.00000000000000 0.00000000000000
# ln_avg_recruitment:
 5.00000000000000 10.0000000000000 7.50000000000000 4.50000000000000 8.00000000000000 6.50000000000000 5.00000000000000 6.00000000000000 6.00000000000000 7.00000000000000
# recruitment_devs:
 -3.69452799853811 -3.69452801187065 -3.69452805810047 -3.69452808281273 -3.69452805834286 -3.69452804539302 -3.69452805757805 -3.69452800457860 -3.69452808601399 -3.69452805289706 -3.69452807682233 -3.69452809252764 -3.69452809161409 -3.69452800663665 -3.69452806992850 -3.69452802016838 -3.69452810655464 -3.69452807334076 -3.69452808667844 -3.69452807120281 -3.69452800906794 -3.69452800928511 -3.69452807361122 -3.69452808846526 -3.69452807306295 -3.69452804247224 -3.69452798453167 -3.69452800392967 -3.69452811013332 -3.69452808843242 -3.69452802256265 -3.69452805511040 -3.69452801706048 -3.69452800238273 -3.69452804781649 -3.69452805943927 -3.69452802005960 -3.69452802412482 -3.69452800839707 -3.69452806904947 -3.69452803157304 -3.69452810959807 -3.69452799478927 -3.69452807061144 -3.69452806915333 -3.69452806901148 -3.69452799437359 -3.69452802569787 -3.69452810556574 -3.69452802703436 -3.69452804008326 -3.69452804429833
 -3.69452809429730 -3.69452805472089 -3.69452807893054 -3.69452804651050 -3.69452798818124 -3.69452803243020 -3.69452808841302 -3.69452800371551 -3.69452805511416 -3.69452797899601 -3.69452806966798 -3.69452803290258 -3.69452801560440 -3.69452798255190 -3.69452803559691 -3.69452808286327 -3.69452809485231 -3.69452803669974 -3.69452809388681 -3.69452808950917 -3.69452806767591 -3.69452804134345 -3.69452800626368 -3.69452802177676 -3.69452808147230 -3.69452810284812 -3.69452808300756 -3.69452800738934 -3.69452809004497 -3.69452809308782 -3.69452803586407 -3.69452801038731 -3.69452801235212 -3.69452807460698 -3.69452801559231 -3.69452801359070 -3.69452806700165 -3.69452802942344 -3.69452800250709 -3.69452806747137 -3.69452811118891 -3.69452801625608 -3.69452806036885 -3.69452804116611 -3.69452804939644 -3.69452807006436 -3.69452808412479 -3.69452797425458 -3.69452810988854 -3.69452808116772 -3.69452805591382 -3.69452806593189
 -3.69452810961385 -3.69452808605248 -3.69452803552850 -3.69452804436209 -3.69452802093530 -3.69452810205197 -3.69452803353788 -3.69452809556209 -3.69452798510736 -3.69452805549909 -3.69452800501519 -3.69452803365901 -3.69452801301181 -3.69452804245569 -3.69452804568436 -3.69452800428815 -3.69452811678433 -3.69452809872435 -3.69452807098636 -3.69452801375323 -3.69452803093422 -3.69452802852450 -3.69452812183984 -3.69452808321347 -3.69452800324675 -3.69452803173431 -3.69452802895112 -3.69452808385154 -3.69452801375294 -3.69452812238087 -3.69452805349385 -3.69452803344652 -3.69452801607675 -3.69452803393420 -3.69452806240958 -3.69452800507387 -3.69452805262487 -3.69452809812905 -3.69452803139532 -3.69452810590284 -3.69452805274898 -3.69452805561536 -3.69452807402494 -3.69452811015090 -3.69452807957489 -3.69452807574070 -3.69452804484693 -3.69452805435441 -3.69452800687194 -3.69452802709660 -3.69452807287208 -3.69452805588628
 -3.69452800165966 -3.69452802671816 -3.69452809608879 -3.69452805359182 -3.69452807248663 -3.69452800173576 -3.69452800865192 -3.69452802819059 -3.69452805881636 -3.69452808084735 -3.69452808577939 -3.69452804873700 -3.69452799867747 -3.69452806187625 -3.69452803944396 -3.69452798970341 -3.69452806719565 -3.69452807429049 -3.69452809128215 -3.69452803874021 -3.69452798568804 -3.69452810781490 -3.69452803269660 -3.69452802716555 -3.69452805000514 -3.69452802025692 -3.69452798505356 -3.69452810537847 -3.69452810742407 -3.69452806043318 -3.69452809739477 -3.69452800889439 -3.69452804750149 -3.69452809669327 -3.69452806045545 -3.69452802187976 -3.69452804508116 -3.69452803854306 -3.69452797239237 -3.69452807175706 -3.69452803699924 -3.69452808239105 -3.69452809704309 -3.69452808592866 -3.69452806548791 -3.69452801091935 -3.69452798451399 -3.69452798704700 -3.69452810539603 -3.69452811207254 -3.69452804164611 -3.69452803343728
 -3.69452798851919 -3.69452802684132 -3.69452800657554 -3.69452807539820 -3.69452807338781 -3.69452801848344 -3.69452801571219 -3.69452805582746 -3.69452807528858 -3.69452798521395 -3.69452807243263 -3.69452809699564 -3.69452805935820 -3.69452800348165 -3.69452805830910 -3.69452801586194 -3.69452801851937 -3.69452804704161 -3.69452802568538 -3.69452805188660 -3.69452803742961 -3.69452808191306 -3.69452807056112 -3.69452809694419 -3.69452809204923 -3.69452803268775 -3.69452802720902 -3.69452806029792 -3.69452801686747 -3.69452805229651 -3.69452804483718 -3.69452804739631 -3.69452806546208 -3.69452806024421 -3.69452809677438 -3.69452805018954 -3.69452804553603 -3.69452809643673 -3.69452803205374 -3.69452810123799 -3.69452806272132 -3.69452806252553 -3.69452806388582 -3.69452800224563 -3.69452799905864 -3.69452801519461 -3.69452804283987 -3.69452805272386 -3.69452802762817 -3.69452809381790 -3.69452806659449 -3.69452807338528
 -3.69452800779638 -3.69452805082065 -3.69452800087587 -3.69452803963582 -3.69452804716830 -3.69452808429978 -3.69452803423662 -3.69452806750625 -3.69452806445057 -3.69452808305027 -3.69452808102648 -3.69452806003453 -3.69452796908571 -3.69452800488783 -3.69452808237955 -3.69452802248461 -3.69452808555494 -3.69452801271144 -3.69452806855926 -3.69452807572454 -3.69452811605071 -3.69452803181623 -3.69452804054490 -3.69452802761474 -3.69452809381790 -3.69452801377526 -3.69452809381790 -3.69452807888474 -3.69452805973401 -3.69452802075503 -3.69452806029792 -3.69452797130492 -3.69452809314710 -3.69452801674454 -3.69452808896503 -3.69452804549519 -3.69452802556754 -3.69452807579513 -3.69452809314710 -3.69452809044752 -3.69452808630056 -3.69452807033768 -3.69452800557353 -3.69452806229849 -3.69452810593031 -3.69452801348979 -3.69452809990035 -3.69452801862540 -3.69452809236693 -3.69452802835059 -3.69452808870166 -3.69452809447822
 -3.69452807770415 -3.69452803287228 -3.69452803448120 -3.69452806409111 -3.69452801004335 -3.69452807850997 -3.69452807338528 -3.69452803775059 -3.69452806067235 -3.69452805881841 -3.69452809307956 -3.69452807202094 -3.69452801249722 -3.69452801408224 -3.69452804713763 -3.69452804070380 -3.69452812424876 -3.69452804681387 -3.69452808102648 -3.69452801017842 -3.69452802247136 -3.69452807530122 -3.69452800164109 -3.69452808226696 -3.69452811044055 -3.69452806229849 -3.69452806397921 -3.69452801292910 -3.69452803077562 -3.69452809934831 -3.69452804069753 -3.69452805368480 -3.69452804351637 -3.69452799336578 -3.69452807154241 -3.69452808759192 -3.69452801322590 -3.69452799236861 -3.69452807530122 -3.69452808759192 -3.69452803134474 -3.69452808417128 -3.69452810247872 -3.69452809355849 -3.69452805197041 -3.69452806941736 -3.69452803873721 -3.69452800469745 -3.69452804966584 -3.69452804949696 -3.69452799467520 -3.69452803679784
 -3.69452811815089 -3.69452799129057 -3.69452810650194 -3.69452804231869 -3.69452805801947 -3.69452797819895 -3.69452806903870 -3.69452803058061 -3.69452804066591 -3.69452803859302 -3.69452809081930 -3.69452808349363 -3.69452802716635 -3.69452800512885 -3.69452802759583 -3.69452802716635 -3.69452807610019 -3.69452807610019 -3.69452806255483 -3.69452800791187 -3.69452802142360 -3.69452806397921 -3.69452802206660 -3.69452804393995 -3.69452804367588 -3.69452806534568 -3.69452798483250 -3.69452809745539 -3.69452804522717 -3.69452804993818 -3.69452806611122 -3.69452807439578 -3.69452803954092 -3.69452803999001 -3.69452809734509 -3.69452804254528 -3.69452804357900 -3.69452804367588 -3.69452808598043 -3.69452800791187 -3.69452804032664 -3.69452809745539 -3.69452804228794 -3.69452806914552 -3.69452804254528 -3.69452809226062 -3.69452803999001 -3.69452809694012 -3.69452803054208 -3.69452806500641 -3.69452806273129 -3.69452807063869
 -3.69452808598043 -3.69452806500641 -3.69452804254528 -3.69452806534568 -3.69452810212910 -3.69452806500641 -3.69452806500641 -3.69452804141439 -3.69452805003917 -3.69452810209819 -3.69452807741703 -3.69452801535506 -3.69452801296444 -3.69452799782479 -3.69452807467480 -3.69452808100744 -3.69452808027840 -3.69452805081486 -3.69452805362249 -3.69452801367943 -3.69452807467480 -3.69452804770292 -3.69452807467480 -3.69452806109233 -3.69452806109758 -3.69452807467480 -3.69452802155537 -3.69452810010327 -3.69452807324766 -3.69452803464217 -3.69452810043604 -3.69452799288427 -3.69452805103978 -3.69452801173716 -3.69452806397921 -3.69452803859302 -3.69452805592136 -3.69452808618386 -3.69452800410008 -3.69452807311416 -3.69452809024503 -3.69452801257496 -3.69452807467480 -3.69452799288427 -3.69452806243805 -3.69452804138410 -3.69452806243805 -3.69452806909806 -3.69452803905311 -3.69452807467480 -3.69452801257496 -3.69452806127567
 -3.69452807625419 -3.69452806243805 -3.69452810489486 -3.69452799741131 -3.69452809652691 -3.69452807134015 -3.69452801605120 -3.69452801594347 -3.69452806049225 -3.69452801341337 -3.69452809406997 -3.69452808618386 -3.69452805081486 -3.69452803019146 -3.69452806765881 -3.69452800593436 -3.69452806083235 -3.69452805427297 -3.69452808873452 -3.69452808790509 -3.69452803012856 -3.69452798138791 -3.69452801267549 -3.69452805639284 -3.69452803019146 -3.69452807625419 -3.69452804505085 -3.69452802507302 -3.69452802507302 -3.69452808618386 -3.69452808645843 -3.69452802942145 -3.69452801257496 -3.69452799151144 -3.69452801257496 -3.69452808645843 -3.69452801257496 -3.69452810002182 -3.69452805087564 -3.69452804822334 -3.69452808645843 -3.69452807625419 -3.69452805023193 -3.69452806304597 -3.69452805672443 -3.69452807625419 -3.69452809406541 -3.69452805418520 -3.69452806695756 -3.69452810492026 -3.69452809686144 -3.69452799566074
# ln_recsigma:
 1.00000000000000 1.00000000000000 1.00000000000000 1.00000000000000 1.00000000000000 1.00000000000000 1.00000000000000 1.00000000000000 1.00000000000000 1.00000000000000
# avg_F:
 -27.7720982314043 -22.3552003319745
# F_devs:
 0.0366292998675442 0.00000000000000 0.00000000000000 0.00000000000000 0.00000000000000 0.00000000000000 0.00000000000000 0.00000000000000 0.00000000000000 0.00000000000000 0.00000000000000 0.00000000000000 0.00000000000000 0.00000000000000 0.00000000000000 0.00000000000000 0.00000000000000 0.00000000000000 0.00000000000000 0.00000000000000 0.00000000000000 0.00000000000000 0.00000000000000 0.00000000000000 0.00000000000000 0.00000000000000 0.00000000000000 0.00000000000000 0.00000000000000 0.00000000000000 0.00000000000000 0.00000000000000 0.00000000000000 0.00000000000000 0.00000000000000 0.00000000000000 0.00000000000000 0.00000000000000 0.00000000000000 0.00000000000000 0.00000000000000 0.00000000000000 0.00000000000000 0.00000000000000 0.00000000000000 0.00000000000000 0.00000000000000 0.00000000000000 0.00000000000000 0.00000000000000 0.00000000000000 0.00000000000000
 -0.444797698802035 0.00000000000000 0.00000000000000 0.00000000000000 0.00000000000000 0.00000000000000 0.00000000000000 0.00000000000000 0.00000000000000 0.00000000000000 0.00000000000000 0.00000000000000 0.00000000000000 0.00000000000000 0.00000000000000 0.00000000000000 0.00000000000000 0.00000000000000 0.00000000000000 0.00000000000000 0.00000000000000 0.00000000000000 0.00000000000000 0.00000000000000 0.00000000000000 0.00000000000000 0.00000000000000 0.00000000000000 0.00000000000000 0.00000000000000 0.00000000000000 0.00000000000000 0.00000000000000 0.00000000000000 0.00000000000000 0.00000000000000 0.00000000000000 0.00000000000000 0.00000000000000 0.00000000000000 0.00000000000000 0.00000000000000 0.00000000000000 0.00000000000000 0.00000000000000 0.00000000000000 0.00000000000000 0.00000000000000 0.00000000000000 0.00000000000000 0.00000000000000 0.00000000000000
# fishsel_pars:
 -72716.8679690371 -58898.3809931498
 3707.50836909646 6846.07805902700
# ln_fishery_q:
 30.9350064322332 423.838194794469 25.3198343208543 21.5446157270374 -33.5289960873591 -10.9892894939393 -13.1286557713074 23.6920710163130
# ln_survey_q:
 -11.3198864552883 -1.51705143831426 -1.77834494196508 -1.01621803684223 -1.79450382441660 -14.9110529314566 -11.5287127346496 -11.7931072987686 -12.7261140885080 -11.2802279525765
 -7.68321357345201 -2.92141207672146 1.99988822163628 -1.49569703497056 1.99999992019377 -14.9999999170575 -10.6669800860515 -8.77605180903635 -9.05948404569762 -8.98020942368247
# survey_selpars:
 -42.4890792958588 -45.4050812269648
 -0.0257704931541601 -0.0331726661077440
