# Number of parameters = 1213 Objective function value = 5051468.26144460  Maximum gradient component = 132743.059665332
# ln_yr1N:
 -735.001558291335 -505.916207026831 -580.363633588150 -262.010272277039 -763.627576508631 -90.9779413419580 -60.4315073888699 -69.8335255122071 -144.404717293500 4.36410589218087
 -1178.65516121938 10.9893213747926 -63.6681937256214 -98.5527833995428 -406.102069300906 -50.1685187918978 -2263.48821850691 -94.3490732347910 -134.133736294579 5.82107104495430
 -39.1221786716059 -141.092095557652 -61.1449668824294 -245.371761841526 -75.4923479660077 -127.747950145270 -84.7314679995591 -104.487151237788 -76.1126028422842 -4.56521745280477
 -74.9395485411454 -983.781826202657 -213.217490742929 -226.004465050270 -259.134141439770 -239.765848583518 -225.697353746700 -83.5948349104624 -0.493482167539995 -138.623227490925
 -52.0454237135623 6.66342947661638 -102.360060731412 -47.4626112324828 -64.2112512426957 -160.451184911359 -147.834130247744 -13.3028434123307 -87.7381953767284 4.63776699529032
 -13606.1523942558 -371.570793715013 -165.211143899116 -178.767213906557 -329.292617032408 -120.757284755034 -137.204243883972 -175.217076114882 -2.36319941138534 -132.952102308257
 -21.5748203681501 11.5485645318719 -19.3390063504697 -10.9328354073162 -291.492314483472 -211.478150612809 -39.8064055007328 12.3467989318263 10.4769645919581 -1158.86396314392
 -34.8305716324287 -138.910117633839 -210.930860795262 -170.452670955708 -258.834770770157 -176.853505473836 -132.724453441166 -195.365953338013 -193.163356699683 -1.48080627102484
 -124.846772419621 -51.8839250287571 -82.0075912167336 13.2840445662599 -60.9443296505447 -2526.73113712501 -10805.2891735922 -2161.57346914349 -343.272969730117 -83.7691260794391
 -549.759414983425 -61.9966246461765 -78.9433600346057 -116.043301742519 -613.115028613854 -288.813826556320 -1.28771370833576 -93.2767183111247 -84.7522039934207 -120.533677971936
 -91.2183336188360 -44.0577995581499 -73.7923164440988 -80.0967271406896 -117.316624682756 -2.06098951197157 -73.0564841083367 -176.297375283311 -145.262698861148 -151.999023522377
# recruitment_alpha:
 0.00000000000000 0.00000000000000 0.00000000000000 0.00000000000000 0.00000000000000 0.00000000000000 0.00000000000000 0.00000000000000 0.00000000000000 0.00000000000000 0.00000000000000
# recruitment_shape:
 0.00000000000000 0.00000000000000 0.00000000000000 0.00000000000000 0.00000000000000 0.00000000000000 0.00000000000000 0.00000000000000 0.00000000000000 0.00000000000000 0.00000000000000
# recruitment_beta:
 0.00000000000000 0.00000000000000 0.00000000000000 0.00000000000000 0.00000000000000 0.00000000000000 0.00000000000000 0.00000000000000 0.00000000000000 0.00000000000000 0.00000000000000
# ln_avg_recruitment:
 18.3084108608857 15.6035364337279 8.08823987428426 10.9671759650421 11.4205152786533 11.7085915167898 11.3903924637438 13.2345314594671 10.1427525889099 12.5584471348368 7.58585168653138
# recruitment_devs:
 -3.69509533558001 0.256047333960461 -4.25923799378463 -4.11084061286437 -3.82746285671222 -4.47654162870980 -3.61642773022175 -1.66542967005839 -3.43307042373963 -3.32353630554334 -3.64850976638390 -3.69026955404563 -3.99528217654525 -3.92203019104070 -3.96755870770770 -4.01844393551882 -3.59784580062318 -3.45225924807274 -3.29938813789442 -3.47928630185822 -3.53417723894749 -3.82170198349549 -3.85243798577459 -3.79107573486973 -3.95923674371958 -4.00114657857950 -4.11057126498023 -3.77635168723228 -3.82645493609299 -3.77571312172157 -3.55142362960369 -3.62410491259934 -3.80359820094875 -3.83744278370397 -3.71570259243161 -3.73263296669258 -3.61816146196909 -3.52894240288399 -3.57003295619758 -3.42660358842218 -2.93190819981770 -2.86469055341630 -3.44742143211736 -3.51318489567779 -3.42884696827282 -3.36178043237840 -3.46686172470332 -3.69275403967451 -3.71369982175130 -3.69947186309668 -3.64329966322782 -3.67315862634188 -3.25578098156864 -3.37789375006850 -3.20652101325345 -2.85855605649271 -3.67262717718513 -3.46651087834279 -3.69039177485646 -3.09055685469729 -3.21784920810647 -3.57829311484058 -3.93237722439232 -4.15752069495329 -3.75200928895702 -3.49675801861173 -3.68999941614824 -3.23697566643118 -3.33997051662086 -3.28507709084498 -3.14538144890780 -4.01060217656362 -4.24859014597870 -4.61533560618729 -4.96806511348524 -5.05574013017538 -5.28298390719009 -5.35297211814138 -5.34132278180560 -5.02920407295135 -4.43839530298195
 -3.69509533557995 -1.71290112043081 -1.39205262077427 -1.78403271897714 -2.64319041528830 -2.52440243524095 -2.46863534269368 -4.34657757153223 -4.85345931524953 -3.00396834841396 -3.95964807471023 -4.05820356922657 -4.25463511133702 -3.98327984334887 -3.86407968781056 -4.01912531566767 -3.04174406250269 -3.52311890474679 -3.78924326134957 -3.46070983862467 -3.07740528703658 -3.17980353613265 -2.70262993153657 -3.99051251748197 -3.60305424559771 -3.33644075061565 -3.54842172077163 -3.26250781211241 -3.40548538248631 -3.41465040442025 -3.35497124304278 -3.27548660979482 -3.35658905253006 -3.20457402464690 -3.63465878526043 -3.31891867097499 -3.26946478856599 -3.10998269147499 -3.32319769912673 -3.78934102508271 -4.15229002732871 -4.30361318687759 -4.35090562520303 -4.07152966178025 -4.16835749402446 -4.19700672443579 -4.30971547681131 -3.75982951254303 -4.10163907185878 -4.43123033470429 -4.60455394902417 -3.98846254377296 -4.22886029116802 -4.40896639654797 -3.89204332612832 -3.93027541287598 -3.21347586900027 -4.01909010509471 -4.16196668062469 -3.58981547312180 -3.57527327882956 -4.01142269959389 -4.05764417606989 -4.29435233687518 -3.92593180403685 -3.39460911202434 -4.39905276781004 -4.01358942452252 -3.40946161869282 -3.80257352392965 -3.88641295754386 -3.47764474524251 -3.27448375402421 -4.22065679426131 -3.86361924049766 -4.20491856942679 -4.55733621340434 -4.42375025237071 -4.42332369925798 -4.62717332912661 -4.13630251900099
 -3.69509533557996 -0.846966173353176 -4.14741058339044 -4.03401212320784 -3.07502416277485 -3.12088412323276 -3.20581185218164 -3.28109572092699 -3.25139449771503 -3.16563535807064 -3.40725848155330 -3.18442587872680 -3.38132601297865 -2.51088878689827 -3.59143368468913 -3.86759919346114 -2.89877900784464 -3.66396596781883 -2.98627790057158 -3.74409057581535 -3.01802196791384 -3.43800588933276 -3.29454415430127 -3.48542887073989 -3.62487048597765 -3.46438225190436 -3.72854200267432 -3.72531080837127 -3.79367754121366 -3.94903938795630 -3.64106988271609 -3.82694418026839 -3.60954069577434 -3.52297545891586 -3.97503822413880 -3.71988523348141 -3.77748240879870 -3.81544559115865 -3.94724549016349 -3.53914448684766 -4.07125103006312 -3.87679714795129 -4.15146115552619 -3.86662943322272 -4.01305178115855 -3.54593990494110 -3.96018631317259 -3.83962251616146 -3.65392726175608 -3.97725699943133 -4.18967189990016 -4.01003054984203 -3.96889499252108 -4.05061360232577 -3.85523613344088 -3.55201522788140 -3.73973813636396 -3.60036320906277 -3.80816462107154 -3.45584944416829 -3.71658685972943 -4.09279350572568 -3.29918942345043 -4.26427546812827 -4.04541104897607 -3.56633002104384 -3.82974538810631 -3.51524509745367 -4.05069284598875 -3.72435892437112 -3.52387977596965 -3.76856794456895 -3.67240114689350 -3.67340595569629 -3.96963260303680 -3.98115074608775 -4.10163715084340 -4.16338975578660 -4.72276344853238 -5.13244476339871 -5.25611652453780
 -3.69509533557991 1.05984858555984 -3.32941621032932 -3.50355321570450 -3.39699066744943 -3.06217651261332 -3.27384840808171 -3.52770398853463 -4.22535936600945 -4.35695925599220 -4.24052584192190 -0.289638634618232 -4.10403268111289 -4.47042875159889 -4.43299369944443 -4.62027276317960 -4.28836473152592 -3.95896845562766 -3.32895032297848 -3.90357065017847 -4.28101844675250 -4.91394788485553 -4.98551431672248 -5.23866902915025 -5.37219538670820 -5.33813477399655 -3.59420299402304 -1.67023421049066 -0.737914392371563 -4.75512271613638 -4.85552477248119 -4.78505178559051 -4.84288722516522 -4.62201015945835 -4.51394727667960 -4.32124486950367 -4.57452092819548 -4.97148203419711 -5.02407564530947 -3.04242112516357 -0.828287534334006 -1.84147036071225 -3.84933852216313 -4.42500903440309 -4.33234110738502 -1.77360869145170 -0.864404614784878 -3.39040086309674 -3.39937481975406 -2.97718783254049 -3.21316292808009 -3.53179332979905 -3.73385015310439 -4.01147352898605 -4.12207718293476 -2.96056882694117 -0.989977126787881 -3.24269338811205 -0.970115455796593 -3.68472178556869 -3.86383066975348 -4.05346078033368 -3.59961166571516 -3.60050358570846 -2.97733325519722 -3.87927901786496 -2.77581023553753 -3.48841897074777 -3.81462106549059 -3.88570978431350 -3.46486690882650 -4.35252050774029 -4.27222581397388 -4.64980789511781 -4.83752889328035 -4.72236991404880 -4.62377347522441 -4.67609735207211 -5.01307776757466 -5.02102892667321 -4.29548203871081
 -3.69509533557997 -4.61471973369623 -4.58400512039987 -4.46083791472595 -4.40992577241728 -4.28286202952848 -4.30582577913931 -4.20813629700124 -4.17261163068497 -4.13192156493471 -4.08842812084151 -4.08211504080161 -4.01730212451383 -4.04091858450156 -3.96306767527228 -3.93290164047938 -3.93368077009753 -3.88038813531886 -3.88310479348630 -3.86463279160816 -3.85492481389661 -3.87098554837005 -3.85901262568425 -3.87875379070301 -3.81306177935248 -3.89585745393665 -3.85581545918172 -3.83072140227326 -3.88887920304182 -3.81723386484793 -3.86800074576380 -3.84711314464850 -3.83927434349569 -3.83697170767149 -3.84156483106035 -3.83992133965852 -3.83001262590936 -3.82363526405477 -3.80494616442002 -3.84117340127392 -3.81070969971468 -3.79738015425132 -3.81469556061415 -3.76802011761629 -3.82992071355132 -3.80852646397201 -3.75685047401906 -3.79914954783926 -3.80488895589058 -3.76120544794058 -3.79922638443789 -3.73148229925294 -3.81595398679810 -3.74144724979797 -3.78134227282496 -3.76844508346594 -3.71330779393300 -3.78888863338576 -3.70349362504532 -3.75565916958953 -3.68667437331376 -3.74655861674355 -3.71821069882972 -3.68185242640880 -3.68052399911366 -3.65829417274990 -3.61384731521781 -3.57296959460970 -3.52162586383723 -3.45098502708612 -3.41393370859502 -3.28114256589737 -3.24314755050033 -3.09337470647349 -2.97897268055792 -2.76292004168793 -2.57249087233838 -2.25051234726739 -1.82431772658510 -1.23189057584764 -0.549748270332955
 -3.69509533557995 -1.27025688480113 -4.34219719275535 -4.38706505251379 -4.20589246285657 -4.18494415982525 -4.19822195778555 -4.15082233247173 -4.13636113335734 -4.18053967243292 -4.21574068062936 -4.14749459369007 -3.94581440423869 -3.24604091351809 -1.42199653829916 -3.92127754299143 -3.82649538393705 -3.54469128336379 -3.22881957967981 -2.90289779361940 -2.98693936719706 -3.08999417000933 -3.45569870715389 -3.24463405762050 -3.15105601728764 -3.46300904335587 -3.20347762896208 -3.34427226887775 -3.63500040315354 -3.18925709827417 -3.13774770998614 -3.16964070796441 -3.39387213340757 -3.25139700782000 -2.99671384785587 -3.66018324046005 -4.02824033196901 -4.23196250964577 -4.43536524313641 -4.46137649250699 -4.05497238045024 -4.06050548329962 -3.85166059260497 -3.81775911987286 -3.65615368170935 -3.91986214221250 -3.98154233183653 -3.94268085801146 -3.59501553695128 -3.74798751042136 -4.29506234419064 -4.15487921001472 -3.95698915876325 -3.65543508255183 -3.56237707025985 -3.64768042634778 -3.73278485432776 -4.21891278514080 -3.67303303631971 -3.54190867648074 -3.91809674516462 -3.75963140826217 -3.67969386893033 -3.20330899510607 -3.39424367265981 -3.43497517773037 -3.94168844563703 -3.28024693558416 -4.02150713616041 -4.15275892157904 -2.80798582304407 -3.97002276320422 -3.81572208669833 -3.58959682752939 -3.93893827531635 -3.58780575584658 -3.64629163410737 -4.04927436908818 -4.20777702969572 -4.47814483550810 -4.54175668665240
 -3.69509533557992 -2.01463258392269 -1.41024912667287 -1.81217558080220 -2.15879857328083 -2.32044459540169 -2.44015537848419 -2.64861551428085 -2.85200954958186 -2.79592014755839 -3.29637023141218 -3.01330956152499 -3.15334631458277 -3.15148268465743 -3.14543905931749 -3.26946203179714 -3.23533951868770 -3.38207281596909 -3.01144348291321 -4.49292438783382 -2.99148414497076 -3.63420233763332 -3.75600398696166 -3.79102135153143 -3.25752121793844 -4.34761661564030 -3.23300142490042 -4.17977931064506 -3.48662897821399 -3.99202928929905 -3.75229678514394 -3.44832442066490 -3.96011217034135 -4.02192401863602 -3.50045079035138 -3.89270241628860 -4.13897195727791 -3.72194353467219 -4.02494808090388 -4.13698691791911 -4.09494926741438 -4.17881438457514 -4.11889173390271 -4.10035627393360 -3.92699953498620 -4.14567755863794 -3.94051567251781 -4.53665179028230 -4.43964958715794 -4.21103081725206 -4.18256109298066 -4.56396517235945 -4.51172291879556 -4.47213282487747 -4.42852639954090 -4.57587567509280 -4.52717319731909 -4.36949559993097 -4.45582886391557 -4.55822793450575 -4.17749997471819 -4.42374308450097 -4.39161909608963 -4.08259351261131 -4.38102698874662 -4.25519808034279 -3.91873548258058 -4.24955519082113 -4.41423654669924 -4.06872879798844 -3.83116889871329 -4.30629016141423 -3.71158745564141 -3.64005153250952 -3.81328518951468 -3.24285343277243 -3.80208150617414 -3.34113795550157 -2.63313194990010 -3.21961745586115 -2.41343229688157
 -3.69509533557997 -0.902969919676533 -3.77321370794599 -4.13366102788085 -3.81402637473692 -2.15558639491662 -1.32438926719074 -0.943516575166622 -4.11119816284518 -4.38682077133630 -4.40828963558204 -4.20589105012419 -4.15101340847489 -4.21412928477835 -3.81149377858355 -3.99997585689701 -4.39357491088797 -5.14366027230919 -5.87107600018822 -6.25265032100620 -5.77963782408753 -4.96562556886597 -4.15108754339639 -4.20407348395355 -1.88835734972662 -3.86354733255699 -4.58600093650702 -4.26604699575953 -4.39070377791406 -4.46613357701844 -4.51646713061178 -3.69334084864615 -3.46104071753086 -4.08033710564694 -4.35855779935386 -4.19824629407348 -3.31111185993644 -3.45600485827155 -3.27691471920350 -2.00528927204374 -4.10536473805484 -4.05384428605512 -3.97901692009650 -3.56442917681759 -3.17517626006559 -3.59923207360709 -4.38720458538939 -4.52702596037700 -2.88585075805385 -1.99896455340585 -1.75511526572768 -4.07639444965180 -4.21614674057094 -4.39116303225604 -2.47463001170935 -2.92302234427986 -3.92829540091049 -4.27764785768909 -3.46950689573795 -3.90553145763175 -2.70351168393038 -1.36690414588828 -2.43284274692764 -3.66483622543545 -4.61241526495085 -3.52411729885688 -3.53494356216439 -4.13361646954142 -4.51184342968335 -4.75534749939324 -3.62957879276621 -3.95575158926925 -2.71187474201286 -2.90225348409399 -0.715729630979760 -3.57511014954926 -3.76461463888699 -4.14686291648421 -4.34672359234913 -4.16371238149944 -3.78427254360186
 -3.69509533557994 -3.70129232760321 -3.54466825916555 -3.67994462915174 -3.54467013101561 -3.47808534438675 -3.34660605655809 -3.28960648859187 -3.05494097176115 -3.11980548771565 -3.28118188273359 -3.62036039383649 -4.09779939983960 -4.03758128036165 -4.04948212067366 -4.39586094211289 -4.45047313021247 -4.43013430019494 -4.06107235162039 -3.91170903861912 3.41735627028433 -3.56865047680341 -3.85168492968666 -3.77870622533964 -3.71619398408831 -3.69499954472906 -3.72141289285213 -3.57025763673951 -3.63228362061356 -3.50807152953945 -3.42019576856524 -0.428731604976710 -3.46109255657460 -3.41536573704518 -3.51639457260253 -3.76981141712808 -3.82096837082393 -4.03682913247951 -4.42993529280915 -4.39638632808308 -4.52204192279090 -4.55789701576781 -4.63832503692972 -4.58473934668618 -4.50402833574359 -4.36604434536132 -4.22968054862873 3.41368895742949 -3.90193320084874 -3.68103620713654 -3.75337448265326 -3.74270274932668 -3.74784895179334 -3.75642874274716 -3.74739170317609 -3.72532973098208 -3.75271099212703 -3.83279137139139 -3.75662234577476 1.38356377799975 -3.69881414419804 -3.64447178400404 -3.51908309626971 -3.89976949253029 -3.63211744680076 -3.81755041986375 -4.08160432620082 -3.77907498624141 -3.92731500673864 -4.05069866876028 -4.37575268189144 -4.62514017241852 -4.80262744821212 -4.98055794353644 -5.11242217943603 -5.22643255985773 -5.21723154200391 -5.15137419989700 -5.04929969078222 -4.75351509111986 -4.54127065419464
 -3.69509533557996 -2.66573062035329 -3.78208527330939 -3.39606352640192 -3.28234286661973 -3.76000743263877 -3.80586269237108 -3.93783479311205 -3.79452360050589 -4.04173699736172 -3.88407302157058 -4.12576884307457 -3.58192850433143 -3.80438828411335 -2.98996633949426 -2.50841007745034 -3.47946911270147 -3.17914561638314 -2.94739893352663 -3.48211048618520 -2.83008396850164 -3.48491404215514 -3.15112112707619 -3.54787456427714 -3.09064772149568 -3.64662409940518 -3.21369062753212 -3.17849397208856 -3.75518102202441 -3.65264101734051 -3.21958558519392 -3.23930972727114 -3.34625769691949 -3.35946604812796 -3.17676430294279 -3.57632084306484 -3.24460977888594 -3.31621128139553 -3.99788847156657 -4.25871639494247 -4.29161946002916 -4.19722660474748 -4.20887088031509 -3.94322076994793 -4.02223573710899 -4.19640667867734 -3.78992456509557 -3.91540885774854 -4.15551282658289 -4.07479347314638 -3.88261511219598 -4.28483338660106 -4.08503623298637 -4.07699017880160 -3.92936639014575 -3.81379861627259 -3.86131697722864 -4.02842725706272 -3.76417643547546 -3.95716371254387 -3.75512030172728 -3.93078855136423 -4.03897111307819 -4.02381978546760 -3.28162758559829 -4.13379185304123 -3.41968686516303 -4.16954429247077 -3.49875235703015 -3.78128603850377 -3.54373582598173 -3.79265932851099 -3.45733458573441 -3.68412589546868 -3.82211282863499 -3.98452252391951 -3.89297199660003 -3.96611788009983 -3.88694748869255 -4.28912039754546 -4.03476876711949
 -3.69509533557996 -5.75440620189764 -5.55557729399058 -5.23565029201543 -5.04044960454715 -4.87721023877818 -4.76056098195075 -4.66047866736839 -4.60115328117698 -4.52652844270800 -4.46724366173142 -4.41224019387311 -4.34458829212589 -4.34437500892010 -4.12412033012232 -3.28227769931605 -2.07087564183685 -2.43784505348537 -2.52518809640287 -2.67622946723195 -2.74323920198907 -2.88524360431137 -2.98259240541714 -2.99809676860167 -3.05113422639580 -3.18425486516655 -3.12025443139033 -3.12590212701844 -3.13885483204506 -3.14468494976424 -3.10441786067324 -3.00149219049654 -3.00009564043561 -3.02926228476362 -3.05095944651424 -3.14843196324146 -3.09891736505834 -3.08224121701572 -3.09601950494762 -3.09760906896161 -4.48432162055093 -4.63001282063355 -4.58597176266880 -4.51175689073501 -4.31945726165862 -4.25723445357340 -4.16656033582228 -4.12486234704695 -4.13135186284543 -4.10849898923869 -4.01958279727214 -4.02936126466994 -4.04519492493048 -3.91853823646737 -3.82109004583676 -3.82973694035826 -3.75590191565214 -3.85506450710181 -3.82672534592048 -3.89072369871450 -3.89233674320005 -3.92335239265697 -3.87411703144330 -3.95043736339268 -3.85599025281080 -3.30600513683133 -3.20494805648599 -3.21604195777615 -3.25059180092519 -3.29740466327196 -3.30813011152642 -3.30292389481857 -3.30201858678336 -3.36109944847840 -3.33677434773050 -3.50129612853379 -3.38123061944236 -3.39488353734344 -3.31248006436149 -3.23945425315107 -3.14966048614650
# ln_recsigma:
 1.00000000000000 1.00000000000000 1.00000000000000 1.00000000000000 1.00000000000000 1.00000000000000 1.00000000000000 1.00000000000000 1.00000000000000 1.00000000000000 1.00000000000000
# avg_F:
 -3.61141863212013 -3.74901961793190
# F_devs:
 -29.0918075422693 -38.1006979925763 -49.5550750521434 -35.6254280472483 -35.4869863244399 -32.4289632489985 -38.6169650675784 -42.6451863927199 -39.2252459344394 -34.0496457602676 -40.9568748823224 -35.7857163709072 -32.6958793802327 -54.3327333484890 -36.1740888798040 9.13893869317315 9.08522980404023 8.97796241666325 8.92119957853821 8.90293855685051 8.86394499194808 8.84784581587204 8.81543546766240 8.82493597810428 8.76509037671553 8.80542145401730 8.88628775996881 8.93716826672193 8.90727765373013 8.94401072472364 9.08561757975618 9.15134221848158 9.13384120857684 9.09813122198071 9.04169926534996 8.99930444531114 9.04301505725437 9.05513539319388 9.06375374117600 9.09815022513156 8.18712591115503 8.09635150970838 8.11620762758547 8.28098063198825 8.38962356628675 8.43815345824548 8.44436646793931 8.41522319827538 8.39891331132930 8.41340109357560 8.41875338349294 8.36501123945934 8.48084376290600 8.58416864383880 8.62922156437131 8.66993639912009 8.61541266513933 8.57964051332323 8.49337810370152 8.43032306813758 8.42400421307484 8.44590989336642 8.38082352068706 8.36784528976870 8.38561064328847 8.84265455071787 8.88587286483756 8.85073227587040 8.81228039481426 8.82298701708338 8.82108570811800 8.83909377976303 8.81693065750406 8.80848745912209 8.72364920669249 8.71286370333769 8.79696290950157 8.86888666855891 8.96463372827847 9.06655320245331 9.14976411032421
 -4.75733907453850 -4.45315441508149 -4.08118944188365 -3.75857286348056 -3.44530030842080 -3.12749043903245 -2.81123399462458 -2.51617186845550 -2.25478668767018 -1.98089207634418 -1.71990679360530 -1.49055606111232 -1.26616345019278 -1.07368508121636 -0.914061368048518 0.0605919743847555 -0.159694486182166 -0.185209601525262 -0.155611018888562 -0.116489980717509 -0.0628435636615229 0.000627011053243448 0.0862553246926134 0.169403635430819 0.228368404060487 0.282694099015953 0.300664377186393 0.346213306598146 0.354315787455980 0.436570749489191 0.469743371923289 0.528030378233716 0.494334455125779 0.499581917576212 0.566866464432496 0.572227681514018 0.537559418150230 0.610090289949658 0.658511838081908 0.666051237116533 0.300435220540196 0.551357277041389 0.687081117367447 0.753664844158157 0.802783860632863 0.842344174780693 0.863534247882377 0.868720195265647 0.902331838499950 0.991003568472207 1.05854184229799 1.06401573713655 1.11631404357741 1.19711876336365 1.24915846746059 1.29233721832977 1.32420047702309 1.35325572587994 1.39153581090881 1.41491060105406 1.40567281239579 1.40963154104546 1.33408004724660 1.33026573104051 1.28484839763946 1.37699672859540 1.30375356226572 1.24011996331213 1.12661597064079 1.13988588674867 1.11437375958156 1.01682127691133 0.963975162613011 0.939034310794889 0.853609080479995 0.743378289035386 0.647226365522982 0.531276751794290 0.491574508678363 0.292406535807333 0.0912873446704077
# fishsel_pars:
 -16.4121864247155 -79.3128926936960
 0.245954050379629 1.01939192388356
# ln_fishery_q:
 7.70635595873484 -8.96858668835303 -8.87849449293992 -0.914663982143933 0.589921931861648 5.86453033721364 -3.97653868950100
# ln_survey_q:
 -4.26728019105090 1.99999216668015 -1.04336393803258 -4.03901152551641 -1.90650617348263 0.976500080638068 -1.81591677577451 -1.24065726864875 0.349385124243637 1.76856303246863 1.99999999556280
 -4.31084835246085 1.99999962221958 -1.09453889298786 -4.80955558406137 -1.61358311240704 -8.34089827179452 -1.78936279435963 -0.989679647543486 1.00835077567908 1.99894198870908 1.99999684050284
# survey_selpars:
 -15.4532831370911 -5.76627900318953
 1.44298127165490 0.289360377904535
